rs_id,variant_id,pval_nominal,beta,varbeta
rs13211945,chr6_11716972_C_T_b38,0.3359306,-0.028824,0.0299552
rs1812241,chr6_11717018_A_C_b38,0.0306283,-0.020067,0.009282248
rs210911,chr6_11717026_T_C_b38,0.3475316,-0.011784,0.012544338
rs3765254,chr6_11717166_C_A_b38,0.4806077,0.012845,0.01821145
rs3765253,chr6_11717340_G_C_b38,0.421456794,NA,NA
rs13201084,chr6_11717438_T_C_b38,0.0995269,-0.0306,0.018577525
rs6933892,chr6_11717701_G_A_b38,0.0045223,-0.026925,0.009483216
rs6934084,chr6_11717794_G_C_b38,0.0048377,NA,NA
rs210910,chr6_11717894_T_C_b38,0.3589834,-0.011499,0.012535649
rs2235427,chr6_11717948_C_T_b38,0.0114334,-0.024611,0.009730877
rs796273491,chr6_11718446_GA_G_b38,0.099516142,NA,NA
rs9394268,chr6_11718736_A_G_b38,0.2585754,0.016391,0.014508331
rs115504329,chr6_11719245_G_C_b38,0.210118814,NA,NA
rs932344,chr6_11719622_G_A_b38,0.0034347,-0.027785,0.009496249
rs932343,chr6_11719790_C_T_b38,0.0375325,-0.019277,0.009268127
rs5874339,chr6_11719895_A_ACT_b38,0.022645961,NA,NA
rs13193682,chr6_11719912_G_C_b38,0.097103702,NA,NA
rs2235426,chr6_11720038_T_C_b38,0.5341798,0.0113,0.018177777
rs142276668,chr6_11720454_C_T_b38,0.3192257,-0.051257,0.051460253
NA,chr6_11720475_C_CTT_b38,0.260382084,NA,NA
rs210908,chr6_11720572_T_C_b38,0.4284947,-0.009571,0.012088104
rs9357192,chr6_11720579_C_T_b38,0.1233477,-0.015061,0.009774329
rs2235423,chr6_11720629_A_G_b38,0.0103685,-0.025745,0.010043728
rs2235422,chr6_11720896_T_C_b38,0.0093237,-0.025184,0.009686335
rs9469930,chr6_11720988_G_A_b38,0.0088857,-0.025335,0.009683076
rs9469931,chr6_11721045_A_C_b38,0.0108119,-0.024685,0.009685253
rs9469932,chr6_11721053_A_C_b38,0.0107099,-0.024717,0.009685252
rs9394270,chr6_11721068_C_A_b38,0.0202358,-0.024509,0.010555366
rs9348959,chr6_11721122_T_C_b38,0.0231999,-0.023999,0.010571657
rs17401908,chr6_11721222_G_A_b38,0.0730364,0.028913,0.016129058
rs9348960,chr6_11721367_G_T_b38,0.5229678,0.011572,0.018115859
rs370191996,chr6_11721912_TAACTC_T_b38,0.516474747,NA,NA
rs35340830,chr6_11722032_G_T_b38,0.1287566,0.016118,0.010610765
rs62395242,chr6_11722034_G_T_b38,0.0944552,0.027166,0.016244201
rs2076187,chr6_11722842_A_G_b38,0.4859167,0.01241,0.017809529
rs210906,chr6_11723022_A_C_b38,0.0751382,-0.018077,0.010157788
rs926364,chr6_11723176_G_A_b38,0.0213396,-0.021382,0.009288761
rs210905,chr6_11723305_A_G_b38,0.34466,-0.01184,0.01252913
rs77836444,chr6_11723306_C_T_b38,0.08391,0.032786,0.018968588
rs2076186,chr6_11723309_G_A_b38,0.5795701,0.010031,0.018106081
rs2076185,chr6_11723403_C_T_b38,0.5195691,0.01165,0.018089788
rs2076184,chr6_11723599_G_A_b38,0.2138889,0.017844,0.014356252
rs210904,chr6_11724017_G_A_b38,0.0319407,-0.019779,0.009220326
rs4711401,chr6_11724041_C_A_b38,0.287789,0.020049,0.018861047
rs34615297,chr6_11724236_C_CT_b38,0.096330628,NA,NA
rs210903,chr6_11724309_A_G_b38,0.1894981,-0.014237,0.010850831
rs2235421,chr6_11724392_T_C_b38,0.2712483,0.020746,0.018856701
rs2235420,chr6_11724662_G_T_b38,0.0305072,-0.019997,0.009243142
rs61439239,chr6_11725180_A_G_b38,0.5163587,0.011739,0.018088703
rs210902,chr6_11725236_A_G_b38,0.0589158,-0.019137,0.010131716
rs210901,chr6_11725552_G_C_b38,0.297165113,NA,NA
rs149423183,chr6_11725748_A_C_b38,0.0754363,0.028682,0.016133401
rs9368847,chr6_11725854_C_T_b38,0.5038342,0.012099,0.018099566
rs62395243,chr6_11726357_C_T_b38,0.0723226,0.028995,0.016134489
rs4713831,chr6_11726393_T_C_b38,0.0600247,-0.019062,0.010136061
rs6936922,chr6_11726616_A_G_b38,0.5066769,0.012012,0.018089791
rs67783297,chr6_11726684_C_T_b38,0.1526083,-0.029522,0.020639286
rs11752727,chr6_11727034_C_T_b38,0.1507156,-0.030252,0.021052069
rs2013368,chr6_11727340_G_A_b38,0.0305463,-0.019997,0.009245315
rs75438073,chr6_11727363_G_GC_b38,0.187997522,NA,NA
rs9394271,chr6_11727804_G_T_b38,0.494473,0.012374,0.018111514
rs210899,chr6_11727825_A_G_b38,0.2668636,-0.013857,0.012480249
rs72819641,chr6_11728017_T_A_b38,0.066010102,NA,NA
rs12175671,chr6_11728251_G_A_b38,0.5099183,0.011937,0.018114773
rs12175871,chr6_11728610_G_T_b38,0.4986323,0.012269,0.018132153
rs2235419,chr6_11728630_T_G_b38,0.3345613,-0.008934,0.009258347
rs210897,chr6_11729066_C_T_b38,0.2142769,-0.0134,0.01079
rs17480539,chr6_11729184_C_T_b38,0.1410912,-0.030932,0.021017304
rs210896,chr6_11729207_G_T_b38,0.2145506,-0.013392,0.010789999
rs4713834,chr6_11729227_G_C_b38,0.174627404,NA,NA
NA,chr6_11729252_C_G_b38,0.907421203,NA,NA
rs2294429,chr6_11729490_C_T_b38,0.3497752,0.017923,0.019168463
rs2294428,chr6_11729609_C_T_b38,0.1875343,-0.012498,0.009483208
rs2294427,chr6_11729619_T_C_b38,0.1879582,-0.012486,0.009483206
rs105924,chr6_11729826_G_T_b38,0.2302866,-0.01294,0.01078674
rs2294426,chr6_11729849_A_G_b38,0.3241914,-0.009103,0.009233364
rs9348963,chr6_11730379_T_C_b38,0.3059071,-0.009448,0.009227933
rs9469947,chr6_11730487_A_C_b38,0.8540592,-0.002337,0.012705113
rs9366877,chr6_11730645_A_G_b38,0.1619941,-0.013199,0.009438669
rs72819649,chr6_11730798_C_A_b38,0.8433821,-0.004282,0.021673413
rs62395244,chr6_11731449_A_G_b38,0.0807235,0.02827,0.016186627
rs210895,chr6_11731630_C_T_b38,0.2207115,-0.013001,0.010616195
rs61243775,chr6_11731638_A_AT_b38,0.513427571,NA,NA
rs13215825,chr6_11731654_A_C_b38,0.0820704,-0.032346,0.018602512
rs79528930,chr6_11731842_C_T_b38,0.301997482,NA,NA
rs9296142,chr6_11732434_T_C_b38,0.6600456,-0.006306,0.014336699
rs849013,chr6_11732554_G_A_b38,0.2538874,-0.012099,0.010604247
rs2235418,chr6_11732590_C_T_b38,0.2221579,-0.011552,0.009462569
rs112136397,chr6_11733443_G_GT_b38,0.218231205,NA,NA
rs6908760,chr6_11733544_T_C_b38,0.9929223,-0.000112,0.012625839
rs2281128,chr6_11734029_A_G_b38,0.0811138,0.028264,0.016204008
rs172404,chr6_11734031_C_A_b38,0.3478467,-0.008769,0.009340905
rs932345,chr6_11734629_A_G_b38,0.1777352,-0.012724,0.009440842
rs67133409,chr6_11734946_TC_T_b38,0.793612265,NA,NA
rs191921,chr6_11734951_C_G_b38,0.367469002,NA,NA
rs397840100,chr6_11735023_GC_G_b38,0.114164415,NA,NA
rs12665068,chr6_11735296_G_C_b38,0.449796097,NA,NA
rs2281127,chr6_11735535_A_G_b38,0.6241614,0.008908,0.018181033
rs59683797,chr6_11735747_TTC_T_b38,0.541803156,NA,NA
rs9462058,chr6_11735884_A_G_b38,0.9953548,-7.40E-05,0.012710566
rs114551218,chr6_11735912_C_G_b38,0.260150715,NA,NA
rs75743169,chr6_11735969_G_A_b38,0.597561,0.009606,0.018196243
rs112704231,chr6_11736147_T_C_b38,0.9708977,-0.002485,0.068115006
rs62395245,chr6_11736175_G_A_b38,0.0929047,0.027291,0.016242028
rs78435467,chr6_11736284_C_A_b38,0.3752064,0.012956,0.014610439
rs116140091,chr6_11736400_C_G_b38,0.258953881,NA,NA
rs114722067,chr6_11736514_C_T_b38,0.1945625,0.020304,0.015652179
rs2235417,chr6_11736843_T_C_b38,0.7103313,0.007612,0.020494806
NA,chr6_11737049_G_T_b38,0.572612969,NA,NA
rs68106600,chr6_11737088_TG_T_b38,0.572612969,NA,NA
rs12189748,chr6_11737137_G_A_b38,0.4368782,-0.008856,0.01139071
rs13192105,chr6_11737176_C_T_b38,0.1605831,-0.029511,0.021032517
rs760790,chr6_11737618_A_G_b38,0.1053385,-0.030294,0.018705707
rs3068234,chr6_11737816_T_TGA_b38,0.069944447,NA,NA
rs210892,chr6_11737868_C_T_b38,0.4342368,0.011294,0.014443154
rs2235415,chr6_11738074_G_C_b38,0.432869607,NA,NA
rs2235414,chr6_11738327_G_C_b38,0.066651996,NA,NA
rs6911562,chr6_11738894_G_T_b38,0.8906304,0.001815,0.013199369
rs563367927,chr6_11739581_AGAT_A_b38,0.60759144,NA,NA
rs210890,chr6_11739803_G_A_b38,0.599614,-0.006555,0.012486768
rs6457810,chr6_11740001_T_G_b38,0.591732,-0.006697,0.012486766
rs17480980,chr6_11740221_C_T_b38,0.3297495,0.013868,0.014229157
rs9469963,chr6_11740289_G_A_b38,0.9717846,-0.000707,0.019988615
rs796508618,chr6_11740388_AT_A_b38,0.628297024,NA,NA
NA,chr6_11740754_G_C_b38,0.613394197,NA,NA
rs12529085,chr6_11740881_C_T_b38,0.4035342,0.010563,0.012645363
rs9394285,chr6_11741092_G_C_b38,0.420370816,NA,NA
rs2254655,chr6_11741286_G_A_b38,0.8222993,0.002446,0.010891022
rs2743953,chr6_11741346_G_A_b38,0.5707887,-0.007062,0.012457437
rs9368855,chr6_11741416_T_C_b38,0.4152593,-0.007762,0.009527745
rs2254668,chr6_11741592_G_C_b38,0.742721706,NA,NA
rs2281126,chr6_11741883_G_C_b38,0.954594699,NA,NA
rs66753323,chr6_11741989_CCTTAGCTTTTCCCTATTTTGGTACCTACAATCA_C_b38,0.400548126,NA,NA
rs17402850,chr6_11742356_A_G_b38,0.2862512,0.01511,0.014169412
rs11755870,chr6_11742762_T_C_b38,0.1125635,-0.043828,0.027620794
rs2235413,chr6_11742847_C_T_b38,0.2770949,-0.010124,0.009314834
rs210933,chr6_11743274_T_C_b38,0.7028413,-0.004788,0.01255086
rs2235412,chr6_11743742_C_T_b38,0.3064277,0.012923,0.012635584
rs2235411,chr6_11743882_C_G_b38,0.545877384,NA,NA
rs210931,chr6_11743947_T_G_b38,0.6095219,-0.006396,0.012522613
rs72819657,chr6_11744297_C_T_b38,0.1068422,-0.044617,0.027668591
rs760789,chr6_11744557_T_A_b38,0.406148392,NA,NA
rs210930,chr6_11744601_G_A_b38,0.6469742,0.005039,0.011002911
rs210926,chr6_11745332_C_T_b38,0.6617806,-0.005432,0.012417246
rs2294425,chr6_11745419_A_G_b38,0.3926013,-0.008137,0.009517967
rs112242580,chr6_11745693_GT_G_b38,0.656870862,NA,NA
rs113250510,chr6_11745936_G_A_b38,0.3710826,0.049537,0.055382803
rs210925,chr6_11746290_A_T_b38,0.286187792,NA,NA
rs172405,chr6_11746343_G_A_b38,0.6182938,0.005431,0.010899715
rs72819660,chr6_11746492_T_G_b38,0.1346537,-0.042468,0.028387704
rs210924,chr6_11746508_G_T_b38,0.6581088,0.004821,0.010894281
rs169791,chr6_11746784_G_A_b38,0.6264991,0.005296,0.010882335
rs4713849,chr6_11747355_T_C_b38,0.3718778,-0.008505,0.009524487
rs9469986,chr6_11748947_C_T_b38,0.6167178,0.005463,0.010914922
rs72819662,chr6_11749591_G_A_b38,0.8318889,-0.004575,0.021551763
rs2235410,chr6_11750286_G_A_b38,0.3551743,0.011716,0.012671433
rs10947543,chr6_11750897_G_C_b38,0.3647621,NA,NA
rs9380503,chr6_11750899_C_T_b38,0.9793388,0.00028,0.010811701
rs78317701,chr6_11751248_G_A_b38,0.8190877,0.007503,0.032804515
rs76233944,chr6_11751536_C_T_b38,0.3589416,-0.02875,0.031339121
rs2294424,chr6_11752318_C_T_b38,0.5284875,0.00686,0.01088342
rs2294423,chr6_11752395_C_G_b38,0.510639408,NA,NA
rs79260876,chr6_11752911_C_A_b38,0.8041947,0.00813,0.032792562
rs2294421,chr6_11752913_T_C_b38,0.3621662,-0.008693,0.009539694
rs2294420,chr6_11752961_T_C_b38,0.3464337,0.011862,0.012598652
rs2294419,chr6_11753198_C_T_b38,0.3226168,-0.009455,0.009559246
rs148634662,chr6_11753498_C_A_b38,0.72317,0.01464,0.04132962
rs4713852,chr6_11753691_G_A_b38,0.6299556,-0.005288,0.010975751
rs2235409,chr6_11753973_C_T_b38,0.8444654,0.002087,0.01063792
rs2235407,chr6_11754345_C_T_b38,0.9043592,0.001282,0.010669422
rs2235406,chr6_11754455_C_G_b38,0.343229014,NA,NA
rs2235405,chr6_11754511_G_T_b38,0.8336315,0.002234,0.010635748
rs2235404,chr6_11754602_G_A_b38,0.3373032,0.0191,0.019906048
rs116168042,chr6_11754825_C_T_b38,0.4435894,0.025297,0.033018508
rs9380504,chr6_11754867_A_T_b38,0.858925502,NA,NA
rs2235403,chr6_11754914_C_T_b38,0.8505163,0.002004,0.010633573
rs2235402,chr6_11755096_A_T_b38,0.8402256,NA,NA
rs62395246,chr6_11755494_G_A_b38,0.3065041,0.022675,0.022174195
rs2235401,chr6_11755570_G_A_b38,0.7183306,0.003837,0.01063792
rs2235400,chr6_11755666_C_T_b38,0.7418829,0.003503,0.010635748
rs2235399,chr6_11755679_G_A_b38,0.7442083,0.003471,0.010637921
rs2235398,chr6_11755780_C_T_b38,0.7873793,0.002878,0.010670512
rs9368864,chr6_11755909_T_C_b38,0.8278296,0.002311,0.01062597
rs150501092,chr6_11756637_G_A_b38,0.695047,-0.019893,0.050745483
rs62395247,chr6_11756871_G_A_b38,0.2802559,0.015297,0.014167238
rs13196141,chr6_11756966_A_C_b38,0.0374693,-0.047214,0.022692347
rs6927223,chr6_11757268_G_A_b38,0.8495759,0.002025,0.010677025
rs34893534,chr6_11757853_C_T_b38,0.0388317,-0.046931,0.022716251
rs9348975,chr6_11758604_G_A_b38,0.3242706,0.009926,0.010069798
rs34704283,chr6_11758690_C_T_b38,0.0242008,-0.050951,0.022605442
rs6938865,chr6_11758876_G_A_b38,0.5697318,-0.006517,0.011464579
rs2294418,chr6_11759143_T_C_b38,0.2652656,0.013976,0.012545424
rs2294417,chr6_11759184_G_A_b38,0.5476506,0.006352,0.010564053
rs9368866,chr6_11759429_A_G_b38,0.1193464,-0.015107,0.009699376
rs2294416,chr6_11759507_A_T_b38,0.228882016,NA,NA
rs9394295,chr6_11760026_A_C_b38,0.683166,-0.004364,0.010692234
rs9368867,chr6_11760574_C_A_b38,0.4571996,0.007237,0.009734137
rs9348976,chr6_11760841_A_T_b38,0.747502097,NA,NA
rs4713856,chr6_11760944_C_T_b38,0.0195758,0.027919,0.011959918
rs11754465,chr6_11761028_A_G_b38,0.0159867,-0.052674,0.021863517
rs4713857,chr6_11761226_A_G_b38,0.0174616,0.028432,0.011962094
rs4140558,chr6_11761242_C_T_b38,0.035275,0.020993,0.009972034
rs12211506,chr6_11762078_C_T_b38,0.5789596,0.005592,0.0100774
rs115437567,chr6_11762313_T_C_b38,0.0809202,-0.067608,0.038735591
rs2235397,chr6_11762541_G_A_b38,0.7846692,-0.002888,0.010569486
rs72819669,chr6_11762589_A_G_b38,0.862432,0.00371,0.021410537
rs2235396,chr6_11762728_G_A_b38,0.580794,0.00555,0.010050246
rs10456430,chr6_11762775_G_A_b38,0.9937202,0.000223,0.028333135
rs2235395,chr6_11762999_G_A_b38,0.7554955,0.004044,0.012986454
rs2235394,chr6_11763118_T_G_b38,0.5697821,-0.005298,0.009321353
rs2235393,chr6_11763170_G_C_b38,0.790092706,NA,NA
rs2235392,chr6_11763828_G_A_b38,0.3086046,-0.009735,0.009561418
rs2235391,chr6_11763972_A_G_b38,0.7278973,0.004496,0.012922365
rs34936341,chr6_11765101_ATAAC_A_b38,0.592118047,NA,NA
rs796440267,chr6_11765136_GT_G_b38,0.702966701,NA,NA
rs9380512,chr6_11765601_A_C_b38,0.9356434,0.001048,0.012978859
rs9368869,chr6_11765683_T_C_b38,0.952199,0.000779,0.012995126
rs4713873,chr6_11766130_T_C_b38,0.1139986,0.028211,0.01784972
rs114348757,chr6_11766510_G_A_b38,0.3351698,0.038056,0.039487299
rs6457825,chr6_11767387_G_A_b38,0.6049078,0.005811,0.011232115
rs146574481,chr6_11767603_C_T_b38,0.3351845,0.037969,0.039398223
NA,chr6_11768121_A_T_b38,0.326368489,NA,NA
rs11753766,chr6_11768699_C_T_b38,0.0585023,-0.040435,0.021372524
rs9470042,chr6_11769047_C_T_b38,0.8104026,-0.00223,0.009295281
rs16871788,chr6_11769162_A_G_b38,0.9562669,0.000704,0.012837629
rs9394301,chr6_11769756_C_A_b38,0.9019268,-0.001611,0.013073361
rs9380513,chr6_11769870_C_A_b38,0.8462307,-0.002537,0.013082041
rs9394302,chr6_11769881_T_G_b38,0.9428515,0.000935,0.013042925
NA,chr6_11770192_C_G_b38,0.124185699,NA,NA
rs2235390,chr6_11770279_T_G_b38,0.1599824,-0.013722,0.009765639
rs760788,chr6_11770472_C_T_b38,0.0077156,-0.025014,0.009388694
rs73721808,chr6_11770514_G_C_b38,0.115598998,NA,NA
rs760787,chr6_11770544_A_G_b38,0.0181834,-0.022788,0.009648319
rs742225,chr6_11770570_A_G_b38,0.251664,-0.011395,0.009940531
rs742224,chr6_11770581_T_C_b38,0.4774257,-0.006823,0.009603784
rs145704363,chr6_11770993_G_A_b38,0.4297183,0.032003,0.04052686
rs9470047,chr6_11771026_T_C_b38,0.3428153,0.013734,0.014477915
rs77703928,chr6_11771683_G_A_b38,0.6878985,-0.01353,0.033681131
rs112124733,chr6_11771755_G_T_b38,0.8531579,-0.007777,0.04201724
rs79915120,chr6_11771870_A_G_b38,0.813029,0.009987,0.042224715
NA,chr6_11773228_G_A_b38,0.243179353,NA,NA
NA,chr6_11773289_C_G_b38,0.239579014,NA,NA
rs2235388,chr6_11773477_G_C_b38,0.856088201,NA,NA
rs34937927,chr6_11773680_T_A_b38,0.923959801,NA,NA
rs4713894,chr6_11773796_T_C_b38,0.310607,-0.011163,0.011009428
rs4713896,chr6_11774005_C_T_b38,0.4064215,0.008939,0.010767188
rs35064760,chr6_11774152_C_CA_b38,0.716259782,NA,NA
rs4713898,chr6_11774217_G_C_b38,0.687257296,NA,NA
rs6903956,chr6_11774350_A_G_b38,0.9562291,-0.000558,0.010166484
rs12204492,chr6_11774393_A_G_b38,0.7853519,-0.002623,0.009630943
rs6929400,chr6_11774559_C_T_b38,0.9929676,-9.20E-05,0.010438034
rs9380521,chr6_11774626_G_A_b38,0.7074348,0.004807,0.012808302
rs2235387,chr6_11775028_G_T_b38,0.9753753,0.000357,0.011565606
rs2235386,chr6_11775041_C_T_b38,0.876412,0.001823,0.011722024
NA,chr6_11775115_G_A_b38,0.873663615,NA,NA
rs137908552,chr6_11775148_G_C_b38,0.796485902,NA,NA
rs140986915,chr6_11775216_T_C_b38,0.412498,0.047434,0.057881237
rs73721811,chr6_11775223_T_C_b38,0.700782,-0.010314,0.026840847
rs2235385,chr6_11775488_C_T_b38,0.5351375,-0.006394,0.010309865
rs2235384,chr6_11776398_A_G_b38,0.8901044,0.001609,0.011644898
rs10947559,chr6_11777752_A_G_b38,0.9562918,0.000629,0.011476525
rs34817687,chr6_11777907_AT_A_b38,0.968857665,NA,NA
rs2076189,chr6_11778855_C_T_b38,0.5733939,0.005591,0.009929667
rs41270078,chr6_11778924_C_T_b38,0.160857716,NA,NA
rs2076188,chr6_11779266_T_C_b38,0.9395058,-0.000791,0.010422841
rs9470068,chr6_11779384_C_A_b38,0.9320641,0.000974,0.011425466
rs7753407,chr6_11780108_G_A_b38,0.9010979,0.001423,0.011450454
rs2056952,chr6_11780533_A_T_b38,0.911050901,NA,NA
rs72821839,chr6_11782073_T_C_b38,0.9906752,-0.000194,0.016599399
rs6940263,chr6_11782437_G_A_b38,0.8026925,0.002835,0.011346171
rs58899650,chr6_11782739_C_T_b38,0.6578294,0.005608,0.012661658
rs11969391,chr6_11783013_T_A_b38,0.909502402,NA,NA
rs11966356,chr6_11783014_C_T_b38,0.9042287,0.001381,0.01147761
rs1018383,chr6_11784092_C_T_b38,0.5801275,0.00635,0.0114787
rs6457838,chr6_11784238_C_T_b38,0.6023762,0.005991,0.01149934
rs6913633,chr6_11784521_G_C_b38,0.594822596,NA,NA
rs114107915,chr6_11785089_G_A_b38,0.6238797,0.02013,0.041051535
rs35451371,chr6_11785348_G_A_b38,0.9454752,0.001144,0.016727598
rs9368883,chr6_11785932_G_A_b38,0.8439641,-0.001883,0.00956685
rs6457840,chr6_11786398_C_T_b38,0.4893724,0.007888,0.011410265
rs6457841,chr6_11786415_C_T_b38,0.4415106,0.008776,0.011402662
rs7749712,chr6_11787284_T_C_b38,0.6662414,0.005009,0.011613398
rs7763031,chr6_11787334_G_C_b38,0.489786388,NA,NA
rs114855924,chr6_11787827_C_T_b38,0.3864777,-0.029512,0.034077628
rs60675252,chr6_11788750_C_T_b38,0.696882,0.004575,0.011744837
rs11753177,chr6_11789172_A_C_b38,0.6714084,0.004516,0.010645524
NA,chr6_11789363_T_A_b38,0.76626871,NA,NA
rs145762382,chr6_11789565_C_CT_b38,0.831950508,NA,NA
rs56204575,chr6_11789577_G_A_b38,0.5888525,0.005859,0.01083997
rs11966074,chr6_11789684_G_A_b38,0.4868653,0.008491,0.012211939
rs59642026,chr6_11789790_A_G_b38,0.7736223,0.005009,0.017414127
rs62397270,chr6_11789828_A_G_b38,0.3845197,0.009826,0.011299464
rs147860127,chr6_11789932_T_C_b38,0.6431293,0.019809,0.042753732
rs139734022,chr6_11789945_A_G_b38,0.622987366,NA,NA
rs144642207,chr6_11789946_T_C_b38,0.622987366,NA,NA
rs201145045,chr6_11789965_TC_T_b38,0.406349208,NA,NA
rs12199311,chr6_11790260_T_C_b38,0.6650534,-0.004616,0.010661817
rs12199398,chr6_11790402_T_C_b38,0.5951076,0.006572,0.012366189
rs112158499,chr6_11790445_A_G_b38,0.36196905,NA,NA
rs11752110,chr6_11791118_C_T_b38,0.275146,0.010407,0.009536434
rs10947567,chr6_11791529_T_C_b38,0.2459013,0.011009,0.009487554
rs9296163,chr6_11792040_G_A_b38,0.8531871,0.001893,0.010229476
rs4713922,chr6_11792964_G_T_b38,0.2203481,0.011387,0.009290937
rs71551270,chr6_11793448_T_C_b38,0.7808164,-0.012157,0.043690096
rs4711430,chr6_11793556_A_T_b38,0.746462793,NA,NA
rs9296165,chr6_11795757_T_C_b38,0.2368797,-0.016156,0.01365886
rs2142896,chr6_11796406_A_G_b38,0.7584023,0.003127,0.010166477
rs4711431,chr6_11798077_G_T_b38,0.2596019,0.010774,0.009557073
rs4713925,chr6_11798181_C_T_b38,0.2327061,0.01111,0.009309404
rs75890853,chr6_11798245_C_T_b38,0.5172289,0.034024,0.052536748
rs78564354,chr6_11798450_G_GCATGT_b38,0.219948664,NA,NA
rs4713926,chr6_11798776_C_T_b38,0.3821118,0.008184,0.009363717
rs4711432,chr6_11798915_G_A_b38,0.7473449,0.003014,0.009356114
rs4713927,chr6_11799191_C_G_b38,0.922001202,NA,NA
rs7762390,chr6_11799420_C_T_b38,0.9569735,0.000509,0.009434333
rs9470112,chr6_11800625_T_C_b38,0.1026552,-0.03284,0.020121128
rs11754656,chr6_11801795_A_G_b38,0.7861419,0.002563,0.009446274
rs4713928,chr6_11802211_C_T_b38,0.8061453,0.00232,0.009453882
rs9462130,chr6_11802414_C_T_b38,0.9335414,0.000787,0.009437577
rs9470132,chr6_11802598_C_T_b38,0.0729116,-0.036194,0.020181962
rs114338937,chr6_11802653_T_C_b38,0.5328835,0.026115,0.041877109
rs9368892,chr6_11803204_A_C_b38,0.6125719,0.004804,0.009486466
rs16871833,chr6_11803682_A_G_b38,0.8954281,0.00131,0.009966606
rs6914007,chr6_11805176_T_C_b38,0.9939988,-7.40E-05,0.009838516
rs73364036,chr6_11805489_G_T_b38,0.0686497,-0.035379,0.019431343
rs1883325,chr6_11805843_C_A_b38,0.9861129,-0.000171,0.009824324
rs1883324,chr6_11806200_G_T_b38,0.3836967,-0.008241,0.009460395
rs6941812,chr6_11806726_C_T_b38,0.9752543,-0.000304,0.009800411
rs6942235,chr6_11806996_C_T_b38,0.9597041,-0.000495,0.009797148
NA,chr6_11807441_G_C_b38,0.067720399,NA,NA
rs7743245,chr6_11807831_C_T_b38,0.9731992,-0.000329,0.009792792
rs9470168,chr6_11808775_G_T_b38,0.0774805,-0.033838,0.019166289
rs145704021,chr6_11809049_G_A_b38,0.654608117,NA,NA
rs6910363,chr6_11809134_G_A_b38,0.3510308,-0.008847,0.009486466
rs148843499,chr6_11809477_T_G_b38,0.9063231,-0.004962,0.042166046
rs6915289,chr6_11809605_G_C_b38,0.073098095,NA,NA
rs978565,chr6_11809850_C_T_b38,0.4348091,-0.007447,0.009535349
rs34927257,chr6_11809978_A_G_b38,0.1400564,-0.030713,0.020814174
rs9470174,chr6_11810224_G_A_b38,0.0789178,-0.033637,0.019144564
rs3950186,chr6_11811081_C_T_b38,0.4002195,-0.007994,0.00950276
rs9470176,chr6_11811149_A_C_b38,0.0978268,-0.031564,0.019066353
rs10947579,chr6_11811356_T_C_b38,0.923597,0.00095,0.009905763
rs7746016,chr6_11811423_T_C_b38,0.1031594,-0.031057,0.019056577
rs724821,chr6_11812232_T_A_b38,0.083104307,NA,NA
rs28360633,chr6_11813280_A_G_b38,0.0915608,-0.032138,0.019047887
rs997137,chr6_11814283_G_T_b38,0.0779102,-0.033565,0.019039192
rs74934721,chr6_11814624_G_A_b38,0.390392,-0.024541,0.02857237
rs9470184,chr6_11814742_A_C_b38,0.4060077,-0.007889,0.00949407
rs6457867,chr6_11815276_T_C_b38,0.0999229,-0.031213,0.018971844
rs1014972,chr6_11815357_A_G_b38,0.4438806,-0.007285,0.009514708
rs6457868,chr6_11815469_T_C_b38,0.092513,-0.031949,0.018991397
rs7743280,chr6_11815770_T_C_b38,0.0981082,-0.031401,0.018983794
rs7739256,chr6_11815815_A_G_b38,0.3539156,-0.008772,0.009462568
rs7739436,chr6_11815957_A_G_b38,0.0916151,-0.03203,0.018987054
NA,chr6_11816119_G_C_b38,0.098819898,NA,NA
rs7744077,chr6_11816304_T_C_b38,0.0926987,-0.031929,0.018990315
rs7758760,chr6_11816393_C_G_b38,0.088432189,NA,NA
rs7744396,chr6_11816637_A_G_b38,0.0889085,-0.032537,0.019126095
rs6457869,chr6_11816785_G_T_b38,0.0923109,-0.031967,0.018990315
rs7763212,chr6_11816838_C_T_b38,0.0835226,-0.033126,0.019141305
rs58672943,chr6_11816873_T_G_b38,0.5744479,0.009885,0.017604225
rs35325311,chr6_11817005_C_T_b38,0.8548651,-0.001798,0.009829729
rs9296170,chr6_11817404_T_C_b38,0.0905545,-0.033128,0.019573644
rs796118667,chr6_11817441_AAAT_A_b38,0.123122814,NA,NA
rs6912358,chr6_11817466_T_A_b38,0.096153691,NA,NA
rs9296171,chr6_11817674_T_C_b38,0.0953664,-0.031671,0.018990316
rs9296172,chr6_11817718_A_G_b38,0.0960165,-0.031609,0.018990313
rs1883326,chr6_11818083_C_T_b38,0.8812765,-0.001465,0.009809093
rs34160063,chr6_11818421_C_T_b38,0.2200633,-0.024003,0.019572559
rs138471254,chr6_11819154_G_A_b38,0.700829959,NA,NA
rs9470198,chr6_11819181_T_C_b38,0.0907096,-0.032151,0.019005521
rs7760480,chr6_11819602_A_G_b38,0.0555479,-0.036379,0.019001175
rs7740866,chr6_11819650_C_A_b38,0.1150142,-0.030017,0.019045711
rs9470201,chr6_11820270_A_G_b38,0.0926845,-0.031945,0.018999005
rs9470202,chr6_11820275_C_T_b38,0.139708,-0.027748,0.018788266
rs9470203,chr6_11820356_G_C_b38,0.104241401,NA,NA
rs7766152,chr6_11820713_A_G_b38,0.3932011,-0.00811,0.009498417
rs7747022,chr6_11821060_C_A_b38,0.1234817,-0.029283,0.01901095
rs397802080,chr6_11821328_C_CT_b38,0.516031161,NA,NA
rs9296173,chr6_11821395_A_G_b38,0.1017865,-0.031496,0.019248849
rs1033424,chr6_11821517_T_C_b38,0.1719578,-0.025677,0.018798044
rs1033423,chr6_11821770_T_C_b38,0.1718823,-0.025683,0.018799126
rs139954966,chr6_11822348_AT_A_b38,0.069037271,NA,NA
rs9470209,chr6_11824470_G_A_b38,0.0981458,-0.031658,0.019141307
rs9470211,chr6_11824542_G_A_b38,0.1358007,-0.028135,0.018862135
rs147066202,chr6_11824772_TCAA_T_b38,0.080629341,NA,NA
rs77415267,chr6_11824863_C_T_b38,0.7778122,-0.010447,0.037023616
rs6899747,chr6_11824864_G_A_b38,0.9159667,-0.001031,0.009771068
rs9470212,chr6_11825047_A_G_b38,0.1118875,-0.030052,0.018903408
rs9470213,chr6_11825054_C_T_b38,0.1331771,-0.028728,0.019130441
rs1569731,chr6_11825181_A_G_b38,0.9851944,0.000181,0.009753662
rs112279589,chr6_11825215_T_G_b38,0.3818043,0.042647,0.048763023
rs144773144,chr6_11825374_GATGTAATT_G_b38,0.566718384,NA,NA
rs1569732,chr6_11825433_C_T_b38,0.8835365,-0.001435,0.009796052
rs1569733,chr6_11825631_T_C_b38,0.2564478,0.017728,0.015621764
rs1569734,chr6_11825679_T_C_b38,0.9321789,-0.000831,0.009764551
rs9470214,chr6_11825688_G_C_b38,0.074677302,NA,NA
rs1569735,chr6_11825804_G_A_b38,0.9376863,0.00077,0.009849292
rs2143715,chr6_11825975_T_C_b38,0.9717274,-0.000349,0.009847111
rs2179742,chr6_11826138_C_T_b38,0.4186659,-0.007687,0.009504933
rs4308554,chr6_11826166_A_G_b38,0.937713,0.000765,0.009789539
rs4634440,chr6_11826253_C_A_b38,0.8642545,0.001674,0.009791712
rs4310046,chr6_11826371_A_C_b38,0.8647832,0.001675,0.009836245
rs4557506,chr6_11826374_C_G_b38,0.926797602,NA,NA
rs4404760,chr6_11826481_T_C_b38,0.9060085,-0.00116,0.009824292
rs66805427,chr6_11826729_C_G_b38,0.9514871,NA,NA
rs70981628,chr6_11826997_C_CT_b38,0.314818306,NA,NA
rs9470216,chr6_11827275_A_G_b38,0.2537652,-0.011031,0.009665703
rs6936286,chr6_11827364_A_C_b38,0.4451489,-0.007351,0.009627683
rs113432215,chr6_11828028_G_C_b38,0.512124483,NA,NA
rs13194405,chr6_11829007_A_G_b38,0.9861449,-0.000178,0.010250111
rs9470220,chr6_11830589_G_T_b38,0.2109072,-0.059321,0.04741603
rs9470221,chr6_11831078_G_T_b38,0.197845,-0.062204,0.048305699
rs35039253,chr6_11831363_A_G_b38,0.5013526,-0.029082,0.043253418
rs10223542,chr6_11831824_A_G_b38,0.2915736,-0.046237,0.043840012
rs181598215,chr6_11832507_G_A_b38,0.636391745,NA,NA
rs76956584,chr6_11832525_A_G_b38,0.85410571,NA,NA
rs9462159,chr6_11832734_G_C_b38,0.084059004,NA,NA
rs190297192,chr6_11832970_T_A_b38,0.420304644,NA,NA
rs2024580,chr6_11833111_G_A_b38,0.0659648,-0.077653,0.042233411
rs74849578,chr6_11833514_G_A_b38,0.1439278,-0.079289,0.054258499
rs6902916,chr6_11833967_A_G_b38,0.4092894,0.0092,0.011149559
rs10223767,chr6_11833998_G_A_b38,0.7930848,0.002885,0.010998564
rs13208185,chr6_11834244_C_T_b38,0.064865,0.020155,0.010917094
rs10485419,chr6_11834319_A_G_b38,0.7807667,0.00381,0.013689276
rs9296175,chr6_11834550_A_G_b38,0.1886281,0.022138,0.016839484
rs9462160,chr6_11834650_G_A_b38,0.1468184,0.016115,0.011107193
rs2327487,chr6_11834922_A_T_b38,0.468410112,NA,NA
rs9394332,chr6_11834941_T_C_b38,0.2004705,-0.014125,0.011033326
rs397968276,chr6_11835034_A_AT_b38,0.123409312,NA,NA
rs10485420,chr6_11835199_G_A_b38,0.1519618,-0.02774,0.019362905
rs9368906,chr6_11835451_C_T_b38,0.5358369,-0.007714,0.012459608
rs9380549,chr6_11835554_C_A_b38,0.4924749,-0.008552,0.01245961
rs10947590,chr6_11835643_T_G_b38,0.0171331,0.032343,0.013567612
rs9348988,chr6_11836452_C_A_b38,0.0177895,0.032178,0.013577384
rs10807158,chr6_11836458_C_T_b38,0.0166193,0.032552,0.013591515
rs9348989,chr6_11836625_A_G_b38,0.0249549,0.030342,0.013532847
rs9348990,chr6_11836635_T_A_b38,0.025109595,NA,NA
rs9348991,chr6_11836739_G_A_b38,0.4976339,-0.008496,0.012526958
rs146607057,chr6_11836819_TA_T_b38,0.030531513,NA,NA
rs375894987,chr6_11836821_TTGGAATA_T_b38,0.030531513,NA,NA
rs4499926,chr6_11836949_A_G_b38,0.0177744,0.03219,0.013580648
rs4412196,chr6_11837039_C_A_b38,0.487242,-0.008661,0.012467213
rs4499927,chr6_11837117_A_G_b38,0.0176614,0.032222,0.013580645
rs113371168,chr6_11837135_G_A_b38,0.1198543,-0.029936,0.019246676
rs4569952,chr6_11837187_T_C_b38,0.017299,0.032344,0.013588259
rs4711435,chr6_11837291_T_G_b38,0.0173151,0.032329,0.013583912
rs4713934,chr6_11837327_C_G_b38,0.017221898,NA,NA
rs13190940,chr6_11837340_C_T_b38,0.0172047,0.032361,0.01358391
rs4713935,chr6_11837489_C_T_b38,0.0181089,0.032104,0.013583912
rs368117133,chr6_11837503_G_GTTGAGT_b38,0.527339009,NA,NA
rs879451372,chr6_11837506_GGGTGT_G_b38,0.527339009,NA,NA
rs60411394,chr6_11837513_C_A_b38,0.4449741,-0.009955,0.013033163
rs4711436,chr6_11837557_G_A_b38,0.016987,0.032435,0.013588249
rs4711437,chr6_11837693_A_G_b38,0.0297222,0.022076,0.010155615
rs4711438,chr6_11837736_C_A_b38,0.0144321,0.033414,0.013658858
rs6905247,chr6_11838076_C_A_b38,0.0164903,0.032596,0.013593678
rs6927368,chr6_11838121_A_T_b38,0.090436394,NA,NA
rs10947592,chr6_11838198_G_A_b38,0.0162685,0.032666,0.013594771
rs7767699,chr6_11838355_T_C_b38,0.4927528,-0.008586,0.012517184
rs7744068,chr6_11838503_C_A_b38,0.0166346,0.032563,0.013598025
rs7771992,chr6_11838639_T_G_b38,0.0332772,0.02881,0.013533936
rs7772019,chr6_11838694_T_A_b38,0.015653597,NA,NA
rs7748378,chr6_11838721_C_A_b38,0.0126583,0.033914,0.013602378
rs147539187,chr6_11838809_C_G_b38,0.100244295,NA,NA
rs9368910,chr6_11838948_G_A_b38,0.1063871,0.021835,0.013523077
rs4711439,chr6_11839223_G_A_b38,0.026323,0.022485,0.010121935
rs4711440,chr6_11839246_G_A_b38,0.015479,0.032931,0.013602379
rs115496540,chr6_11839455_T_C_b38,0.0785786,0.023787,0.013523073
rs4711442,chr6_11839456_T_C_b38,0.0561897,0.025819,0.013520905
rs9380555,chr6_11839548_A_G_b38,0.1404788,0.019725,0.01338186
rs4711444,chr6_11839634_G_T_b38,0.0153321,0.032986,0.013605627
rs138481791,chr6_11839856_G_A_b38,0.5289117,-0.007842,0.012454179
NA,chr6_11839889_C_G_b38,0.027137293,NA,NA
rs9357209,chr6_11839942_C_T_b38,0.0597543,0.025342,0.013461155
rs148368408,chr6_11840515_C_T_b38,0.0181528,0.032138,0.013603463
rs9368914,chr6_11840697_T_A_b38,0.015415597,NA,NA
rs149632271,chr6_11840704_C_A_b38,0.0135666,0.033578,0.013602379
rs147163479,chr6_11840920_T_C_b38,0.0148091,0.033173,0.013612149
rs139207861,chr6_11840934_A_G_b38,0.0267191,0.022378,0.010100212
rs9368916,chr6_11841406_T_C_b38,0.0269498,0.030111,0.013611066
rs56804637,chr6_11841491_CAA_C_b38,0.536996027,NA,NA
rs9462163,chr6_11841551_C_T_b38,0.0962252,0.022502,0.013527422
rs9688945,chr6_11841684_A_G_b38,0.0164907,0.032661,0.013620837
rs9689311,chr6_11841722_G_A_b38,0.0164808,0.032664,0.013620838
rs9689029,chr6_11841770_T_C_b38,0.0915763,0.022808,0.01351873
rs149752032,chr6_11841941_C_A_b38,0.722176,-0.013961,0.03926569
rs10807163,chr6_11842014_G_A_b38,0.0950403,0.022646,0.013565442
rs9689319,chr6_11842028_G_A_b38,0.0534215,0.026231,0.013580651
rs10807165,chr6_11842256_T_C_b38,0.0162459,0.032746,0.013625183
rs147909619,chr6_11842591_G_A_b38,0.1006413,-0.031757,0.019343354
rs7738172,chr6_11842665_T_C_b38,0.0697003,0.024454,0.013481795
rs9368917,chr6_11843003_G_A_b38,0.0613784,0.025398,0.013576303
rs55805351,chr6_11843103_A_G_b38,0.020423,0.023528,0.010148008
rs55696018,chr6_11843109_T_C_b38,0.4413686,0.009043,0.011745923
rs13191434,chr6_11843174_T_C_b38,0.0165153,0.032664,0.01362519
rs9394337,chr6_11843230_T_C_b38,0.6493287,-0.013944,0.030666714
rs9380561,chr6_11843321_T_C_b38,0.0167717,0.032587,0.01362518
rs113336113,chr6_11843394_C_T_b38,0.696781966,NA,NA
rs9380562,chr6_11844102_T_C_b38,0.115437,0.028243,0.017940968
rs7758167,chr6_11844366_G_A_b38,0.1162477,0.02817,0.017934451
rs180842893,chr6_11844392_T_C_b38,0.418057179,NA,NA
rs9368918,chr6_11844451_A_C_b38,0.1234218,-0.016606,0.010779136
rs7745004,chr6_11844612_A_G_b38,0.0312109,0.021322,0.009897077
rs9394338,chr6_11845375_T_C_b38,0.1176825,0.028053,0.017930104
rs78505355,chr6_11846359_C_T_b38,0.1608815,0.051133,0.036468531
rs4711449,chr6_11846607_G_A_b38,0.1202576,0.027787,0.017884482
NA,chr6_11847152_T_A_b38,0.111184196,NA,NA
rs6930934,chr6_11848296_T_C_b38,0.4294764,-0.0097,0.012277114
rs6931106,chr6_11848347_T_C_b38,0.131981,-0.016255,0.010791087
rs112948863,chr6_11848442_T_G_b38,0.090474431,NA,NA
rs6919715,chr6_11850516_G_C_b38,0.138176097,NA,NA
rs59408219,chr6_11850521_T_C_b38,0.1254351,-0.029536,0.01927492
rs6921169,chr6_11851333_G_A_b38,0.0362857,0.020733,0.009902511
rs115638750,chr6_11851702_C_T_b38,0.138643889,NA,NA
rs6918179,chr6_11852162_A_G_b38,0.1400148,-0.015928,0.010793259
rs761372,chr6_11852321_A_C_b38,0.1263734,0.027741,0.018148446
rs6457899,chr6_11852407_T_C_b38,0.1022898,0.02932,0.017945315
rs761373,chr6_11852418_A_G_b38,0.1195289,0.027906,0.017925761
rs112779831,chr6_11852460_G_A_b38,0.598327651,NA,NA
rs7739740,chr6_11852605_C_T_b38,0.1101608,0.028622,0.017917073
rs910153,chr6_11852734_A_G_b38,0.1186706,0.027993,0.017939884
rs10947602,chr6_11854163_T_G_b38,0.0354151,0.020849,0.009911199
rs9394343,chr6_11854166_T_C_b38,0.5250819,-0.007895,0.012422676
rs4713965,chr6_11854367_T_C_b38,0.1138379,0.028385,0.017951833
rs6457906,chr6_11855382_T_G_b38,0.1234813,0.027998,0.01817669
rs6457908,chr6_11855465_G_A_b38,0.1248859,0.027892,0.018175602
rs149806816,chr6_11856023_TAC_T_b38,0.100047711,NA,NA
rs6920198,chr6_11856102_C_G_b38,0.118611507,NA,NA
rs6920689,chr6_11856368_C_T_b38,0.1608084,-0.025769,0.01837548
rs7767287,chr6_11857878_C_T_b38,0.2199658,-0.013062,0.010648782
rs9366903,chr6_11858137_C_T_b38,0.4236526,-0.009849,0.012309704
rs9357210,chr6_11858851_G_T_b38,0.2394082,-0.012519,0.01064118
rs9357211,chr6_11858928_G_C_b38,0.131627885,NA,NA
rs77587111,chr6_11859394_A_G_b38,0.284611,-0.061934,0.057881247
rs1883854,chr6_11859417_G_A_b38,0.2067421,-0.013449,0.010652044
rs932441,chr6_11860037_T_G_b38,0.182787,-0.014188,0.010649871
rs9470271,chr6_11860524_C_T_b38,0.0329576,0.021176,0.009929666
rs7769049,chr6_11860881_T_C_b38,0.2198123,-0.013113,0.010686803
rs7765341,chr6_11861148_A_G_b38,0.2142375,-0.013246,0.010665078
rs7450581,chr6_11861296_C_T_b38,0.2017351,-0.013625,0.010672682
rs4520010,chr6_11861798_T_G_b38,0.2127557,-0.013293,0.010668337
rs7746013,chr6_11861916_T_C_b38,0.1200323,0.02827,0.018184297
rs1883855,chr6_11862704_G_A_b38,0.2137993,-0.013337,0.010728081
rs146292990,chr6_11862747_C_T_b38,0.853983693,NA,NA
rs1883856,chr6_11862902_C_T_b38,0.5554534,-0.007443,0.012623639
rs1883857,chr6_11862903_A_G_b38,0.2012111,-0.013981,0.010938819
rs7747666,chr6_11863124_A_G_b38,0.109074523,NA,NA
rs9368933,chr6_11863138_A_T_b38,0.161711392,NA,NA
rs6457919,chr6_11863788_T_C_b38,0.2154528,-0.013254,0.010699839
rs5874349,chr6_11864923_CA_C_b38,0.124797028,NA,NA
rs2002736,chr6_11865005_A_G_b38,0.0159656,0.02465,0.010229485
rs2015055,chr6_11865012_A_G_b38,0.0306386,0.021942,0.01015018
rs2092569,chr6_11865102_G_A_b38,0.2390502,0.020215,0.01716971
rs2002735,chr6_11865106_G_A_b38,0.2542699,-0.012784,0.011213648
rs62395362,chr6_11865137_C_T_b38,0.9254447,0.001699,0.018156053
rs2103738,chr6_11865288_C_G_b38,0.122852793,NA,NA
rs34451811,chr6_11865364_T_C_b38,0.1473909,-0.027197,0.018771969
rs9394354,chr6_11866449_A_G_b38,0.1479756,0.026361,0.018221228
rs11755122,chr6_11866551_T_G_b38,0.0305868,0.021775,0.010069796
rs9394355,chr6_11866798_C_A_b38,0.1249132,0.02804,0.018273368
rs9380574,chr6_11866799_A_G_b38,0.5214439,-0.008461,0.013197191
rs796214090,chr6_11867212_TA_T_b38,0.124797028,NA,NA
rs9368935,chr6_11867340_G_A_b38,0.1384781,0.027128,0.01831139
rs9470298,chr6_11868281_T_C_b38,0.1621487,-0.025626,0.018332027
rs6918454,chr6_11868310_C_G_b38,0.463864887,NA,NA
rs4713979,chr6_11868449_T_C_b38,0.077479,0.019395,0.010985528
rs115030792,chr6_11868601_A_G_b38,0.2887142,0.050987,0.048058027
rs4713980,chr6_11868993_A_G_b38,0.166102,0.025077,0.018108255
rs74783221,chr6_11869195_A_G_b38,0.628411386,NA,NA
rs9366905,chr6_11869223_G_A_b38,0.1655221,0.02514,0.018128893
rs10947610,chr6_11869483_C_T_b38,0.0784507,0.018051,0.010257724
rs4526189,chr6_11869712_A_G_b38,0.0493483,0.020079,0.010215358
rs4713981,chr6_11870023_C_T_b38,0.0144799,0.032909,0.013458986
rs74789107,chr6_11870334_C_T_b38,0.3785455,-0.038618,0.043855216
rs6457925,chr6_11870707_G_A_b38,0.4965402,0.011735,0.017258785
rs6457926,chr6_11870729_G_A_b38,0.1936548,0.022397,0.017230543
rs6457927,chr6_11870775_C_A_b38,0.6878832,0.007886,0.01963013
rs111652450,chr6_11871291_T_TTCTC_b38,0.659377102,NA,NA
rs397964902,chr6_11871374_C_CA_b38,0.659377102,NA,NA
rs7757312,chr6_11871484_T_C_b38,0.7336199,-0.005008,0.014715811
rs7771753,chr6_11871501_C_T_b38,0.5806559,-0.008079,0.014624558
rs9366906,chr6_11872035_G_T_b38,0.5711712,-0.007987,0.014103148
rs976931,chr6_11873143_A_T_b38,0.580662291,NA,NA
rs35369973,chr6_11873226_T_C_b38,0.093431,0.018429,0.01098553
rs62395364,chr6_11873331_T_C_b38,0.0570098,0.022194,0.011661194
rs72821888,chr6_11873850_C_T_b38,0.8260012,0.007425,0.033775636
rs7740058,chr6_11874065_A_G_b38,0.6228719,-0.006589,0.013398153
rs7744529,chr6_11874269_T_C_b38,0.5988956,-0.007053,0.013409017
rs4713986,chr6_11874491_A_G_b38,0.6027672,-0.006975,0.013402501
rs7745203,chr6_11874838_A_G_b38,0.0807277,0.018651,0.010679199
rs9357216,chr6_11875302_C_T_b38,0.0401578,-0.020981,0.01022405
rs7768612,chr6_11875554_C_G_b38,0.616935998,NA,NA
rs77476414,chr6_11875992_C_A_b38,0.5401338,-0.019021,0.031049082
rs2206928,chr6_11876799_T_C_b38,0.822548,-0.003035,0.013532856
rs9462203,chr6_11877843_A_C_b38,0.6722473,-0.019044,0.045014283
rs7741952,chr6_11878011_C_T_b38,0.139039,0.014153,0.009566851
rs7741970,chr6_11878046_C_T_b38,0.3793339,0.008929,0.010156698
rs112519993,chr6_11878254_C_CT_b38,0.138484691,NA,NA
rs60630133,chr6_11878256_G_A_b38,0.138484691,NA,NA
rs143854705,chr6_11879329_A_G_b38,0.407875417,NA,NA
rs1985982,chr6_11880292_A_G_b38,0.7583393,0.004209,0.013680584
rs13192449,chr6_11881439_A_G_b38,0.0669826,0.017616,0.009616819
rs116674559,chr6_11881642_T_C_b38,0.01630601,NA,NA
rs4713990,chr6_11882145_G_A_b38,0.075392,-0.017167,0.009654838
rs147306965,chr6_11883165_G_GA_b38,0.224919647,NA,NA
rs9368945,chr6_11883325_C_A_b38,0.752612,0.004309,0.013670811
rs9368946,chr6_11883454_T_C_b38,0.8486819,0.002677,0.014030361
rs9368947,chr6_11883455_G_A_b38,0.8587482,0.002403,0.013502437
rs9368948,chr6_11883745_G_A_b38,0.9744624,0.000457,0.014275851
rs9357221,chr6_11884757_C_T_b38,0.0882012,-0.016463,0.009655924
rs140235215,chr6_11885554_G_A_b38,0.581590959,NA,NA
rs12211229,chr6_11886774_C_T_b38,0.2648313,0.010682,0.009579886
rs147432719,chr6_11888456_C_T_b38,0.386283413,NA,NA
rs9394377,chr6_11888642_T_C_b38,0.7815633,0.003972,0.014324748
rs115571601,chr6_11888976_A_G_b38,0.018212279,NA,NA
rs1409289,chr6_11889525_C_T_b38,0.609349,0.02458,0.048101483
rs9296195,chr6_11889829_T_A_b38,0.863535801,NA,NA
rs12525964,chr6_11892573_G_A_b38,0.109836,-0.015526,0.009710239
rs12524387,chr6_11892630_A_T_b38,0.113815013,NA,NA
rs58900065,chr6_11893191_GCTTT_G_b38,0.828754845,NA,NA
rs1830985,chr6_11893284_T_C_b38,0.7660769,0.004095,0.013764227
rs1830984,chr6_11893365_T_C_b38,0.9030285,0.001675,0.013747932
rs12332872,chr6_11893843_A_G_b38,0.927574,0.001246,0.013707741
rs12333294,chr6_11893844_C_T_b38,0.9638078,0.000622,0.013707759
rs2103739,chr6_11894084_C_T_b38,0.8620003,0.002403,0.013823975
rs2092570,chr6_11894350_T_C_b38,0.7512977,0.004343,0.013703397
rs2092571,chr6_11894403_A_G_b38,0.7639051,0.004127,0.01374033
rs116285827,chr6_11894506_T_C_b38,0.3484597,-0.057887,0.061740787
rs6457947,chr6_11894608_A_T_b38,0.755028401,NA,NA
rs6899485,chr6_11895002_C_A_b38,0.7502117,0.004364,0.013707742
rs6926450,chr6_11895189_T_C_b38,0.7671878,0.004056,0.01370014
rs7738835,chr6_11895341_C_G_b38,0.766574708,NA,NA
rs2746266,chr6_11895521_C_G_b38,0.9682944,NA,NA
rs7743217,chr6_11895685_C_T_b38,0.9745892,-0.000433,0.013593652
NA,chr6_11895700_A_T_b38,0.971254501,NA,NA
rs2746267,chr6_11895729_A_G_b38,0.8032315,0.003412,0.01369362
rs7762981,chr6_11895787_A_G_b38,0.7802519,0.003821,0.013695793
rs7767282,chr6_11895820_T_C_b38,0.7796746,0.003831,0.013694707
rs74796299,chr6_11896148_T_G_b38,0.407875417,NA,NA
NA,chr6_11896231_G_C_b38,0.779024203,NA,NA
rs6457949,chr6_11896266_G_A_b38,0.7544906,0.004283,0.013695796
rs6932981,chr6_11896401_T_C_b38,0.7787441,0.003847,0.013692533
rs6910810,chr6_11896515_C_T_b38,0.758136,0.004216,0.013691448
rs6932972,chr6_11896578_A_G_b38,0.7579693,0.004219,0.013691448
rs6911172,chr6_11896710_C_A_b38,0.7570247,0.004236,0.013691448
rs28768426,chr6_11896821_A_T_b38,0.700381811,NA,NA
rs28885688,chr6_11896929_C_T_b38,0.7519002,0.004328,0.013690363
rs13198234,chr6_11896976_G_A_b38,0.7510133,0.004344,0.013690361
rs13199275,chr6_11897011_C_A_b38,0.7512714,0.004339,0.013689279
rs13198354,chr6_11897053_G_T_b38,0.9802664,-0.00034,0.013745748
rs2765781,chr6_11897130_A_G_b38,0.8572423,0.002484,0.013808769
rs12206622,chr6_11897136_G_T_b38,0.7335854,0.004609,0.013541542
rs4711466,chr6_11897153_A_G_b38,0.7559687,0.004254,0.013688187
rs115570680,chr6_11897169_G_A_b38,0.63959,0.017623,0.0376341
rs796926774,chr6_11897238_CT_C_b38,0.828754845,NA,NA
rs4714012,chr6_11897395_C_T_b38,0.6944557,0.005362,0.013650171
rs4711467,chr6_11897440_G_A_b38,0.7535262,0.004298,0.013688194
rs4711468,chr6_11897776_G_C_b38,0.761344401,NA,NA
rs4711469,chr6_11897832_G_C_b38,0.761363293,NA,NA
rs6916469,chr6_11898024_G_A_b38,0.7311403,0.004706,0.013695797
rs6940133,chr6_11898065_A_G_b38,0.7574125,0.004226,0.01368167
rs72824003,chr6_11898187_C_T_b38,0.6807001,0.013831,0.033610528
rs6901960,chr6_11898212_T_C_b38,0.7578574,0.004218,0.013681674
rs6457950,chr6_11898442_A_C_b38,0.7400633,0.004537,0.013675156
rs6457951,chr6_11898547_C_A_b38,0.9762127,0.000428,0.014354046
rs6457952,chr6_11898573_A_G_b38,0.734893,0.00463,0.013672982
rs6457953,chr6_11898600_G_T_b38,0.691654,0.005422,0.01367081
rs60120191,chr6_11898735_G_GTTGT_b38,0.828754845,NA,NA
rs57570102,chr6_11898943_GTAAA_G_b38,0.711206927,NA,NA
rs57515286,chr6_11899106_A_AG_b38,0.828754845,NA,NA
rs138653145,chr6_11899320_C_T_b38,0.02287,0.151228,0.066456341
rs12205854,chr6_11899334_T_C_b38,0.8672161,-0.002261,0.013523078
rs7452547,chr6_11899385_G_A_b38,0.8295231,0.002969,0.013789211
rs9470408,chr6_11899406_A_G_b38,0.9527017,0.000815,0.013740342
rs114206476,chr6_11899499_A_C_b38,0.026276078,NA,NA
rs2876245,chr6_11899694_C_T_b38,0.8276445,0.003002,0.013788126
rs7746759,chr6_11899929_A_G_b38,0.8319855,0.002925,0.013787038
rs112791155,chr6_11899957_G_GT_b38,0.834379705,NA,NA
rs6909693,chr6_11900322_A_C_b38,0.9167212,0.001448,0.013847881
rs6929425,chr6_11900433_G_T_b38,0.8440776,0.002711,0.013783779
rs6934027,chr6_11900673_G_A_b38,0.8050527,0.003398,0.01376749
rs6919781,chr6_11901102_T_C_b38,0.8392113,0.002795,0.013775094
rs6457954,chr6_11901231_C_A_b38,0.8378938,0.002818,0.013774004
rs6457955,chr6_11901265_A_C_b38,0.8578231,0.002466,0.013765313
rs2765780,chr6_11901400_A_G_b38,0.836602,0.002841,0.01377509
rs2765779,chr6_11901458_G_A_b38,0.8166967,0.003192,0.013770747
rs58089845,chr6_11901498_TC_T_b38,0.828754845,NA,NA
rs6457958,chr6_11901650_G_C_b38,0.842163002,NA,NA
rs6457959,chr6_11901721_G_C_b38,0.840447404,NA,NA
rs6457960,chr6_11901735_T_C_b38,0.8406301,0.00277,0.013775094
rs4714017,chr6_11901873_G_A_b38,0.8409583,0.002764,0.013774006
rs6910008,chr6_11902046_C_G_b38,0.854037197,NA,NA
rs6937349,chr6_11902358_T_C_b38,0.8457749,0.002679,0.01377292
rs6909423,chr6_11902416_G_T_b38,0.8390786,0.002798,0.01377835
rs6937513,chr6_11902448_T_C_b38,0.8394882,0.002791,0.013779438
rs6910727,chr6_11902494_C_T_b38,0.8390344,0.002799,0.013779438
NA,chr6_11902517_C_G_b38,0.835362105,NA,NA
rs114131830,chr6_11902532_T_C_b38,0.026276078,NA,NA
rs6941984,chr6_11902571_T_C_b38,0.834834,0.002874,0.013783785
rs57429851,chr6_11902851_T_TGTA_b38,0.828754845,NA,NA
rs2248243,chr6_11903014_A_G_b38,0.8358041,0.002858,0.013789212
rs2327460,chr6_11903034_T_C_b38,0.8344014,0.002883,0.0137903
rs74915700,chr6_11903814_G_T_b38,0.3022907,-0.025268,0.024495569
rs138199092,chr6_11904013_T_C_b38,0.209932873,NA,NA
rs209794,chr6_11904631_A_C_b38,0.9095639,0.00157,0.013821806
rs209793,chr6_11905013_C_T_b38,0.9773814,0.000409,0.014425785
rs34843864,chr6_11905113_A_AT_b38,0.064772477,NA,NA
rs209792,chr6_11905125_G_A_b38,0.6831471,0.0056,0.013719693
rs796727988,chr6_11905224_AT_A_b38,0.717619349,NA,NA
rs209791,chr6_11905244_T_G_b38,0.6250355,0.006685,0.013678413
rs209790,chr6_11905250_A_T_b38,0.634769602,NA,NA
rs209789,chr6_11905549_A_G_b38,0.9804997,0.000353,0.014442097
rs209788,chr6_11905641_A_G_b38,0.7818948,0.004041,0.014596318
rs3069360,chr6_11905985_T_TTTG_b38,0.774625458,NA,NA
rs13215238,chr6_11906036_C_T_b38,0.1317755,0.015689,0.010409802
rs201155313,chr6_11906336_A_AT_b38,0.835351796,NA,NA
rs12209563,chr6_11907482_A_T_b38,0.812635401,NA,NA
rs17406952,chr6_11907933_C_A_b38,0.166751,-0.013401,0.009691773
rs70981643,chr6_11909141_ACTTC_A_b38,0.060652675,NA,NA
rs144033844,chr6_11910813_A_G_b38,0.148305634,NA,NA
rs56113959,chr6_11910985_A_C_b38,0.666492355,NA,NA
rs2746268,chr6_11910989_A_C_b38,0.9068621,0.003471,0.029667321
rs70981645,chr6_11911297_C_CT_b38,0.395489092,NA,NA
rs11965341,chr6_11911817_C_A_b38,0.1504141,0.03567,0.024804073
rs9366921,chr6_11911980_A_G_b38,0.3772843,-0.013362,0.015134027
rs9394391,chr6_11912197_T_C_b38,0.9937916,9.10E-05,0.011694923
rs67843209,chr6_11912468_G_T_b38,0.395878,-0.017901,0.021084658
rs141679807,chr6_11912712_A_T_b38,0.730653111,NA,NA
rs16872057,chr6_11912788_C_T_b38,0.3968076,-0.018199,0.021477891
rs6927887,chr6_11912812_T_C_b38,0.9984872,3.20E-05,0.016877506
rs209773,chr6_11913595_T_C_b38,0.2690062,0.011976,0.010834537
rs6907250,chr6_11913709_C_T_b38,0.2933485,-0.013241,0.012600824
rs116502862,chr6_11914303_C_T_b38,0.5075857,-0.035625,0.053765335
rs11411078,chr6_11914404_C_CT_b38,0.491610432,NA,NA
rs58916769,chr6_11914405_A_T_b38,0.491610432,NA,NA
rs209774,chr6_11915275_A_T_b38,0.474919708,NA,NA
rs182068585,chr6_11915298_G_A_b38,0.2507535,0.048481,0.042211677
rs34130092,chr6_11915489_T_TTTTG_b38,0.073686201,NA,NA
rs114393117,chr6_11915961_A_G_b38,0.4520082,0.036246,0.048194901
rs56764416,chr6_11916341_C_T_b38,0.3794674,-0.017853,0.020313398
rs10947653,chr6_11916452_G_T_b38,0.2882475,-0.013286,0.012510665
rs114051311,chr6_11916628_G_A_b38,0.315817,0.035083,0.034974898
rs145967422,chr6_11917070_G_A_b38,0.64781788,NA,NA
rs9380630,chr6_11917160_C_T_b38,0.8427491,-0.003032,0.01528393
rs58803877,chr6_11917222_G_A_b38,0.6699296,-0.018268,0.042858019
rs55911725,chr6_11917366_C_T_b38,0.400345,-0.017651,0.020987978
rs61128649,chr6_11917400_C_T_b38,0.8250552,-0.003378,0.015281761
rs209776,chr6_11917476_T_C_b38,0.2286809,0.012918,0.010731342
rs209777,chr6_11917513_C_T_b38,0.6135712,0.005282,0.01045977
rs147588741,chr6_11917837_G_A_b38,0.7772335,-0.010297,0.036394665
rs116277764,chr6_11917994_C_T_b38,0.6955175,-0.021293,0.05440514
rs876828,chr6_11918202_G_C_b38,0.26769719,NA,NA
rs876829,chr6_11918349_T_C_b38,0.4804635,-0.014005,0.019849558
rs56311058,chr6_11918686_T_A_b38,0.778150689,NA,NA
rs6938400,chr6_11919181_C_T_b38,0.2223113,-0.015166,0.01242702
rs742750,chr6_11919505_G_A_b38,0.4035488,-0.017475,0.020920627
rs85219,chr6_11919696_G_A_b38,0.4905055,0.007633,0.01107026
rs115677556,chr6_11920167_T_C_b38,0.457252,0.035752,0.04809388
rs169713,chr6_11920284_T_C_b38,0.5413325,0.0067,0.010969234
rs714493,chr6_11920530_C_G_b38,0.036280301,NA,NA
rs139881372,chr6_11921027_G_A_b38,0.730077,-0.022875,0.066299909
rs56870169,chr6_11921130_G_GTCC_b38,0.677658705,NA,NA
rs59664321,chr6_11921377_G_A_b38,0.7505051,0.014418,0.045343415
rs17533974,chr6_11921764_G_A_b38,0.9724118,0.000564,0.016308321
rs23805,chr6_11922129_A_C_b38,0.2866969,0.011366,0.010668337
rs999823,chr6_11922155_T_C_b38,0.0411888,0.03599,0.017628119
rs209778,chr6_11922219_T_C_b38,0.440478,-0.009762,0.012655138
rs1536305,chr6_11922482_T_C_b38,0.9140136,-0.002283,0.021143308
rs999824,chr6_11922644_A_G_b38,0.0359294,0.036963,0.017620514
rs209779,chr6_11922932_A_G_b38,0.8228758,-0.002711,0.012110912
rs209780,chr6_11922961_C_T_b38,0.277182,0.011652,0.010722652
rs16872077,chr6_11923682_T_A_b38,0.926895697,NA,NA
rs9462257,chr6_11924108_T_C_b38,0.8260323,-0.004677,0.021279103
rs62395404,chr6_11924306_C_T_b38,0.0383089,0.036506,0.017622688
rs79777433,chr6_11924626_T_C_b38,0.9936988,0.000129,0.016334354
rs169714,chr6_11924845_A_G_b38,0.337683,0.010296,0.010738945
rs149499249,chr6_11924951_C_T_b38,0.8397072,-0.003131,0.015479461
rs209782,chr6_11925563_G_A_b38,0.2863936,0.011394,0.010687889
rs11964096,chr6_11925979_A_G_b38,0.2946466,0.014633,0.013963017
rs2327461,chr6_11926030_T_C_b38,0.7796756,0.002696,0.009637459
rs209783,chr6_11926244_T_C_b38,0.3794739,0.009124,0.010381559
rs209784,chr6_11926460_A_C_b38,0.422961,0.008807,0.010990961
rs62395405,chr6_11927061_C_T_b38,0.3664365,-0.018939,0.02096951
rs114124870,chr6_11927128_C_T_b38,0.4327579,0.037635,0.04797439
rs1210621,chr6_11927688_A_G_b38,0.7427388,0.003722,0.011339657
rs145149568,chr6_11928088_A_G_b38,0.9673368,-0.001858,0.045373854
rs6901986,chr6_11928343_T_C_b38,0.5315,-0.010549,0.016859036
rs62395407,chr6_11928455_A_G_b38,0.0452301,0.03527,0.017612912
rs111993882,chr6_11928554_CTT_C_b38,0.519378639,NA,NA
rs1205844,chr6_11928609_C_G_b38,0.373069002,NA,NA
rs62395408,chr6_11929188_T_C_b38,0.4482684,0.019085,0.025167973
rs112581567,chr6_11929214_C_T_b38,0.5048352,-0.026784,0.040161866
rs1205845,chr6_11929216_C_A_b38,0.3311282,0.010691,0.011000738
rs864244,chr6_11929369_C_A_b38,0.7268375,0.003964,0.01134726
rs80293633,chr6_11929679_G_A_b38,0.5256986,-0.010673,0.016818845
rs848901,chr6_11929953_A_G_b38,0.7076896,0.004256,0.011350519
rs111851932,chr6_11930119_G_A_b38,0.5301316,-0.010561,0.016822099
rs112373899,chr6_11930175_C_T_b38,0.6546338,-0.008202,0.018335286
rs9380643,chr6_11930254_C_T_b38,0.3212385,0.010261,0.010344626
rs61493094,chr6_11930636_TC_T_b38,0.522960736,NA,NA
rs6919025,chr6_11930805_T_A_b38,0.534425596,NA,NA
rs9394412,chr6_11931654_A_C_b38,0.5843986,0.006209,0.011351606
rs6909793,chr6_11932017_C_T_b38,0.5747947,0.00999,0.017807355
rs6931951,chr6_11932045_A_G_b38,0.600833413,NA,NA
rs6908616,chr6_11932046_G_A_b38,0.600833413,NA,NA
rs115930205,chr6_11933049_C_A_b38,0.9121334,0.005037,0.045646506
rs1205848,chr6_11933051_C_G_b38,0.768421909,NA,NA
rs116327972,chr6_11933096_G_A_b38,0.2777636,0.023422,0.021579997
rs115416278,chr6_11933097_G_A_b38,0.7790257,-0.005127,0.01827228
rs9394416,chr6_11933113_G_A_b38,0.5603352,-0.006076,0.010433701
rs6457983,chr6_11933223_T_C_b38,0.6487235,-0.005561,0.012207591
rs148053581,chr6_11933298_C_G_b38,0.160749297,NA,NA
rs60703538,chr6_11933605_TC_T_b38,0.956030499,NA,NA
rs6905403,chr6_11933896_T_C_b38,0.8949828,-0.001574,0.011924072
rs138130322,chr6_11934022_C_T_b38,0.2331191,-0.02695,0.022602186
rs12196741,chr6_11934245_C_T_b38,0.5151558,-0.006763,0.010391335
rs7740251,chr6_11934401_A_G_b38,0.0461926,0.034648,0.017379361
rs9349028,chr6_11934524_T_A_b38,0.212765383,NA,NA
rs55718735,chr6_11934607_T_C_b38,0.1806679,-0.032324,0.024145788
rs10947661,chr6_11934731_G_A_b38,0.5970231,0.005971,0.011294032
rs28601679,chr6_11934805_G_A_b38,0.3090244,-0.04186,0.041149299
rs80217111,chr6_11934960_C_G_b38,0.950865001,NA,NA
rs59552060,chr6_11935226_C_A_b38,0.377636,0.012803,0.014511589
NA,chr6_11935537_C_CGGGACCATGGAGAGGGTAACAT_b38,0.499646862,NA,NA
rs78218438,chr6_11935612_G_T_b38,0.9794357,0.000437,0.016953504
rs2327462,chr6_11936281_G_A_b38,0.1886457,-0.013242,0.010073056
rs574574005,chr6_11936444_ACTTT_A_b38,0.216435466,NA,NA
rs80118269,chr6_11936490_C_T_b38,0.9563897,0.000923,0.016878595
rs58522477,chr6_11936926_T_C_b38,0.311039,0.014746,0.014556125
rs68019130,chr6_11937141_T_G_b38,0.1897019,-0.031662,0.024142532
rs376175581,chr6_11937393_TAAG_T_b38,0.216435466,NA,NA
rs114518099,chr6_11937441_G_T_b38,0.4439592,0.036679,0.047913547
rs115081477,chr6_11938093_A_C_b38,0.5031629,-0.028706,0.0428754
rs6904014,chr6_11938439_C_T_b38,0.7131217,-0.012798,0.03480869
rs169715,chr6_11938564_G_A_b38,0.6553895,0.007858,0.01760748
rs11756601,chr6_11938572_C_T_b38,0.3563374,0.013383,0.014509416
rs112469668,chr6_11939285_C_T_b38,0.861242,0.003004,0.017186007
rs113830067,chr6_11939322_C_T_b38,0.2865352,-0.043833,0.041128658
rs398000478,chr6_11939780_AT_A_b38,0.750879599,NA,NA
rs58311216,chr6_11939831_A_G_b38,0.3585706,0.013314,0.014501812
rs1205849,chr6_11940231_G_C_b38,0.527955501,NA,NA
rs1205850,chr6_11940360_C_G_b38,0.535347612,NA,NA
rs58026118,chr6_11940611_C_T_b38,0.2002958,-0.030882,0.024113201
rs113103441,chr6_11940766_C_T_b38,0.97501,0.00056,0.017876841
rs59592071,chr6_11940774_G_A_b38,0.2006457,-0.030858,0.024113198
rs62395428,chr6_11941206_G_C_b38,0.042410906,NA,NA
rs70981647,chr6_11941274_GATACCACTCAT_G_b38,0.289372841,NA,NA
rs796698635,chr6_11941553_GT_G_b38,0.521290822,NA,NA
rs1205851,chr6_11941915_T_G_b38,0.7309558,-0.011937,0.034715278
rs9380655,chr6_11942014_G_C_b38,0.289372841,NA,NA
rs368144606,chr6_11942018_AAATT_A_b38,0.412234536,NA,NA
rs78942226,chr6_11942119_A_G_b38,0.9125831,0.00187,0.01703392
rs1205852,chr6_11942138_A_G_b38,0.4756601,0.009825,0.013774007
rs76156742,chr6_11942230_A_G_b38,0.9106801,0.001911,0.01703501
rs1205853,chr6_11942316_T_G_b38,0.4620251,0.010135,0.013779436
rs1205854,chr6_11942405_A_G_b38,0.4668455,0.010027,0.013780522
rs1205855,chr6_11942424_A_G_b38,0.4650792,0.010066,0.013779436
rs1205856,chr6_11942495_C_T_b38,0.4619279,0.010138,0.013780523
rs1205857,chr6_11942527_C_T_b38,0.4670233,0.010023,0.013780523
rs398065572,chr6_11942847_TTCA_T_b38,0.521290822,NA,NA
rs112411342,chr6_11942963_G_A_b38,0.3555661,0.047714,0.051647092
rs1205859,chr6_11943003_C_T_b38,0.3460753,0.01301,0.013807681
rs1205860,chr6_11943038_G_A_b38,0.4749062,0.009848,0.013782695
rs1205861,chr6_11943062_T_G_b38,0.4586656,0.010212,0.013780523
rs864245,chr6_11943272_T_C_b38,0.4727061,0.009894,0.013778351
rs79260350,chr6_11943284_G_A_b38,0.0409266,0.035426,0.017329389
rs1205863,chr6_11943293_T_G_b38,0.4672993,0.010016,0.013779436
rs1205864,chr6_11943362_A_G_b38,0.4674772,0.010012,0.013779437
rs1205865,chr6_11943379_A_G_b38,0.4675662,0.01001,0.013779438
rs1205866,chr6_11943542_C_A_b38,0.4713103,0.009926,0.013779437
rs1205867,chr6_11943758_C_T_b38,0.4756196,0.009829,0.01377835
rs1205868,chr6_11943820_G_A_b38,0.7267621,0.006158,0.017622689
rs1205869,chr6_11944208_A_G_b38,0.6465089,0.008102,0.01766614
rs1205871,chr6_11944815_T_C_b38,0.4662071,0.010039,0.013777265
rs1205872,chr6_11944910_T_C_b38,0.4677886,0.010005,0.013779438
rs1205873,chr6_11945112_C_T_b38,0.4611068,0.010159,0.013783782
rs1205874,chr6_11945245_C_G_b38,0.519838802,NA,NA
rs4714052,chr6_11945249_G_A_b38,0.1184894,-0.016258,0.010414147
rs1205875,chr6_11945276_C_T_b38,0.4843065,0.009638,0.013780523
rs1205876,chr6_11945442_G_A_b38,0.4714793,0.009923,0.013780524
rs16872095,chr6_11945545_A_G_b38,0.0446242,0.034794,0.017326139
rs1205877,chr6_11945574_G_A_b38,0.4677441,0.010006,0.013779438
rs1205878,chr6_11946073_T_C_b38,0.8413858,-0.006969,0.034823898
rs16872098,chr6_11946246_A_G_b38,0.9093598,0.001939,0.017031766
rs77908939,chr6_11946335_G_C_b38,0.753757397,NA,NA
rs960414,chr6_11946443_G_A_b38,0.4641486,0.010087,0.013779439
rs1205879,chr6_11946598_G_T_b38,0.470462,0.009945,0.013779438
rs1205880,chr6_11947030_T_C_b38,0.4708191,0.009937,0.013779439
rs1205881,chr6_11947080_C_T_b38,0.4710423,0.009932,0.013779437
rs1205882,chr6_11947475_T_C_b38,0.4536174,0.01031,0.013757711
rs1205883,chr6_11947678_A_G_b38,0.4690797,0.009976,0.013779438
rs1205884,chr6_11947700_C_T_b38,0.4697228,0.00996,0.013777265
rs1205885,chr6_11947722_G_C_b38,0.730809991,NA,NA
rs796972099,chr6_11947753_CT_C_b38,0.521290822,NA,NA
rs1205886,chr6_11947845_T_C_b38,0.9143427,0.001846,0.017162106
rs1205887,chr6_11947903_C_T_b38,0.4676645,0.010007,0.013778351
rs1205888,chr6_11947950_T_A_b38,0.467788596,NA,NA
rs1205889,chr6_11947960_C_T_b38,0.4681351,0.009998,0.013780524
rs1205890,chr6_11948346_G_T_b38,0.4848883,0.009632,0.013790299
rs1205891,chr6_11948388_C_A_b38,0.4558424,0.010286,0.013793559
rs209819,chr6_11948737_T_G_b38,0.7717844,-0.010084,0.034767423
rs17486670,chr6_11950059_G_A_b38,0.224017,-0.02935,0.024138185
rs77015462,chr6_11950279_A_AAC_b38,0.556763607,NA,NA
rs56774672,chr6_11950548_T_C_b38,0.3110605,-0.041649,0.04111454
rs66720565,chr6_11950611_C_T_b38,0.1985799,-0.030968,0.024088213
rs209816,chr6_11950798_A_G_b38,0.4118137,0.011316,0.013788128
rs209815,chr6_11951081_C_G_b38,0.417862792,NA,NA
rs11968174,chr6_11951566_T_C_b38,0.0366152,0.036505,0.017466265
rs209814,chr6_11951628_G_C_b38,0.421444504,NA,NA
rs17486782,chr6_11951839_G_A_b38,0.2172073,-0.029742,0.024102338
rs16872104,chr6_11951942_A_G_b38,0.3203398,0.014407,0.014497466
rs10947670,chr6_11952612_G_A_b38,0.169255,-0.013833,0.010063279
rs11968421,chr6_11952813_A_G_b38,0.348409,0.013595,0.014498553
rs209813,chr6_11953400_A_G_b38,0.4751666,0.009874,0.013827234
rs209812,chr6_11953654_G_A_b38,0.476674,0.009838,0.013823975
rs28511,chr6_11953952_C_G_b38,0.813879096,NA,NA
rs139854926,chr6_11954226_G_GT_b38,0.650718213,NA,NA
rs765392,chr6_11954858_A_G_b38,0.1221227,-0.015547,0.010056763
rs73724310,chr6_11955409_A_G_b38,0.8424237,0.00656,0.032998943
rs55875423,chr6_11955752_G_A_b38,0.2412641,-0.028193,0.024058888
rs16872108,chr6_11955859_A_T_b38,0.716591589,NA,NA
rs1476360,chr6_11955895_A_T_b38,0.927364701,NA,NA
rs56204496,chr6_11956348_A_T_b38,0.2412124,NA,NA
rs13208015,chr6_11956853_C_T_b38,0.2086585,-0.04906,0.039021276
rs1117047,chr6_11956981_G_T_b38,0.5475014,-0.006783,0.01127665
rs182357,chr6_11957013_A_G_b38,0.8542089,0.006056,0.032957667
rs926666,chr6_11957025_T_C_b38,0.5462032,-0.006805,0.011276651
rs1988815,chr6_11957059_A_G_b38,0.8538995,0.006069,0.032957678
rs172353,chr6_11957070_T_C_b38,0.2306158,-0.015198,0.012677952
rs2024579,chr6_11957336_T_A_b38,0.241706078,NA,NA
rs926667,chr6_11957346_G_A_b38,0.5468713,-0.006812,0.011307068
rs9368995,chr6_11957634_C_T_b38,0.5208576,-0.007235,0.011269049
rs209804,chr6_11957688_C_A_b38,0.2251932,-0.015425,0.012718144
rs397708973,chr6_11957746_T_TTGA_b38,0.119617278,NA,NA
rs7765463,chr6_11957871_C_T_b38,0.5409682,-0.006888,0.011266877
rs4357131,chr6_11957972_C_T_b38,0.5598249,-0.006571,0.011269048
rs1326144,chr6_11958207_G_T_b38,0.5406551,-0.006892,0.011264702
rs1326143,chr6_11958394_T_C_b38,0.5630842,-0.006514,0.011264702
rs78161753,chr6_11958750_C_T_b38,0.719925,-0.008572,0.023906802
rs1359618,chr6_11958913_A_G_b38,0.5502159,-0.006728,0.011261446
rs4714062,chr6_11959238_T_C_b38,0.5201609,-0.007245,0.01126579
rs4714063,chr6_11959360_C_T_b38,0.5793954,-0.006225,0.011231028
rs6920727,chr6_11959542_A_G_b38,0.6014256,-0.005883,0.011262531
rs10456089,chr6_11959603_G_A_b38,0.3392653,-0.022143,0.023171395
rs6941983,chr6_11959655_C_T_b38,0.5636155,-0.006502,0.011259272
rs376465298,chr6_11960045_A_ACTAT_b38,0.932467801,NA,NA
rs209803,chr6_11960150_A_G_b38,0.8042835,0.008158,0.03292074
rs209802,chr6_11960203_T_A_b38,0.817773195,NA,NA
rs209801,chr6_11960278_G_C_b38,0.367769007,NA,NA
rs115960581,chr6_11960353_A_G_b38,0.4598237,-0.03147,0.042576671
rs6927024,chr6_11960473_T_C_b38,0.6035907,-0.005848,0.011262531
rs116637982,chr6_11960699_G_A_b38,0.4330359,-0.033423,0.042630986
rs80002353,chr6_11960778_A_C_b38,0.6597794,-0.015409,0.035003131
rs209800,chr6_11960890_G_T_b38,0.2501487,-0.014572,0.012671433
rs114688781,chr6_11961128_T_C_b38,0.8006999,-0.008859,0.035093292
rs115360707,chr6_11961229_C_T_b38,0.4183519,-0.034541,0.042680945
rs9369003,chr6_11961332_C_T_b38,0.1492082,-0.014383,0.009972032
rs209799,chr6_11961387_A_G_b38,0.6847353,0.005311,0.01308096
rs169716,chr6_11961718_G_A_b38,0.268167,0.016753,0.015129682
rs6921943,chr6_11961737_C_A_b38,0.1576542,-0.014089,0.009970947
rs58086722,chr6_11961907_T_C_b38,0.2667978,-0.026678,0.024024125
rs66614912,chr6_11962187_A_G_b38,0.267674,-0.026634,0.024028472
rs140733741,chr6_11962440_G_A_b38,0.7410895,-0.011466,0.034702245
rs12193434,chr6_11962513_T_C_b38,0.2523711,0.017284,0.015100352
rs115430688,chr6_11962543_C_G_b38,0.41594891,NA,NA
rs116781885,chr6_11962704_C_T_b38,0.4151517,-0.034818,0.042728744
rs4714067,chr6_11962740_G_A_b38,0.1484181,-0.014411,0.009972033
rs186017,chr6_11962989_G_A_b38,0.2574783,-0.01435,0.01267252
rs111264036,chr6_11963307_A_G_b38,0.8840994,-0.004523,0.031027372
rs74992557,chr6_11963428_A_G_b38,0.1099605,0.050444,0.031559638
rs209811,chr6_11963564_A_T_b38,0.271166821,NA,NA
rs77397265,chr6_11963699_T_C_b38,0.700018898,NA,NA
NA,chr6_11964390_G_C_b38,0.389169501,NA,NA
rs209809,chr6_11964439_G_T_b38,0.2757128,-0.013832,0.0126899
NA,chr6_11964702_G_C_b38,0.250870891,NA,NA
rs11373557,chr6_11964753_T_TG_b38,0.114803372,NA,NA
rs144294475,chr6_11965014_G_A_b38,0.870156534,NA,NA
rs209807,chr6_11965322_A_G_b38,0.2126456,-0.01579,0.012669261
rs7775818,chr6_11965465_C_T_b38,0.8787722,-0.002533,0.01660702
rs209806,chr6_11965742_C_T_b38,0.2333212,-0.015105,0.012673606
rs209805,chr6_11965830_T_C_b38,0.2384667,-0.01494,0.012673606
rs114636266,chr6_11966680_C_T_b38,0.4894908,0.047719,0.069046001
rs77013022,chr6_11966696_C_T_b38,0.149322,0.061969,0.042976415
rs9462314,chr6_11967248_G_A_b38,0.0627452,-0.019413,0.010431529
rs12180381,chr6_11967280_T_G_b38,0.4220782,-0.008195,0.010207755
rs6457989,chr6_11967831_G_A_b38,0.1592699,-0.014065,0.009992673
rs71551281,chr6_11968105_C_T_b38,0.399539,-0.038645,0.04587244
rs76110373,chr6_11968291_A_G_b38,0.4529551,-0.031917,0.042527789
rs6457990,chr6_11968531_A_C_b38,0.2435504,-0.012783,0.010961632
rs11963539,chr6_11968998_C_T_b38,0.0679177,0.024229,0.013272147
rs6922048,chr6_11969029_C_T_b38,0.6232569,-0.005158,0.010499965
rs1543574,chr6_11969146_T_A_b38,0.665744502,NA,NA
rs17676319,chr6_11969191_C_T_b38,0.2715032,-0.026484,0.024084958
rs1543573,chr6_11969298_A_G_b38,0.7158918,-0.003848,0.010572743
rs115098555,chr6_11969370_A_G_b38,0.8784947,0.004436,0.029016652
rs6928723,chr6_11970351_C_T_b38,0.8372305,-0.003008,0.014641939
rs111638582,chr6_11970527_C_T_b38,0.8327994,-0.006556,0.031054517
rs66708680,chr6_11970528_G_A_b38,0.2604272,-0.027106,0.024086045
rs11967367,chr6_11970656_A_C_b38,0.0632371,0.024621,0.013254764
rs7751442,chr6_11971477_A_T_b38,0.732988407,NA,NA
rs200875421,chr6_11971581_A_AGT_b38,0.664036501,NA,NA
rs11386467,chr6_11971583_A_ACAC_b38,0.664036501,NA,NA
rs9470617,chr6_11971633_A_C_b38,0.8957832,0.001222,0.009328954
rs116086507,chr6_11971861_T_C_b38,0.4321429,0.031056,0.039535092
rs9470618,chr6_11971883_G_T_b38,0.05936,0.024988,0.013252595
rs9349041,chr6_11971984_G_A_b38,0.4181224,0.011113,0.013725125
rs78917141,chr6_11972010_CTT_C_b38,0.102497473,NA,NA
rs62395444,chr6_11972021_C_T_b38,0.0579692,0.025126,0.013252594
rs147079176,chr6_11972031_GC_G_b38,0.102497473,NA,NA
rs62395445,chr6_11972169_C_A_b38,0.0599728,0.024926,0.013251508
rs6907381,chr6_11972279_G_A_b38,0.0792988,0.023118,0.013174382
rs913022,chr6_11972373_T_C_b38,0.4315158,0.007891,0.010031776
rs9296224,chr6_11972476_G_A_b38,0.9560691,-0.000807,0.014649536
rs913021,chr6_11972509_C_T_b38,0.4547635,0.006962,0.009313747
rs9462320,chr6_11973169_T_C_b38,0.0955665,0.022295,0.013376427
rs913020,chr6_11973378_A_T_b38,0.736952496,NA,NA
rs111353578,chr6_11973818_A_G_b38,0.8079734,-0.007547,0.031052335
rs6457997,chr6_11974349_C_T_b38,0.5255429,0.006416,0.010106731
rs6919575,chr6_11974398_G_A_b38,0.9333978,-0.001224,0.01464629
rs2327463,chr6_11974409_C_G_b38,0.528463398,NA,NA
rs1409288,chr6_11974607_A_G_b38,0.5224381,0.006435,0.010061106
rs7762263,chr6_11975017_C_T_b38,0.1032029,0.021475,0.013178724
rs72824063,chr6_11975167_T_C_b38,0.0997353,0.022057,0.01339924
rs72824066,chr6_11975255_A_G_b38,0.1005488,0.022006,0.013400326
rs9470623,chr6_11975311_T_C_b38,0.1006382,0.022002,0.01340141
rs9462323,chr6_11975372_G_T_b38,0.0940647,0.022433,0.013398152
rs9470625,chr6_11975422_A_C_b38,0.0991926,0.022053,0.013375339
rs9470627,chr6_11975523_T_C_b38,0.1158305,0.021144,0.013445952
rs9462325,chr6_11975999_C_T_b38,0.1051575,0.02181,0.01346007
rs9470628,chr6_11976015_A_G_b38,0.1073524,0.021712,0.01348397
rs9470629,chr6_11976046_C_A_b38,0.107482,0.021697,0.013479623
rs13213371,chr6_11976278_G_A_b38,0.278249,-0.010042,0.009261606
rs9462327,chr6_11976282_T_A_b38,0.103532894,NA,NA
rs9462328,chr6_11976377_A_G_b38,0.1197569,0.020909,0.013439433
rs9462329,chr6_11976470_T_A_b38,0.1187919,NA,NA
rs17676414,chr6_11976474_G_A_b38,0.3640122,-0.021653,0.023853578
rs138192737,chr6_11976483_G_T_b38,0.8018016,0.011049,0.044017085
rs9470631,chr6_11976506_A_G_b38,0.109188,0.021528,0.013439431
rs12530006,chr6_11976543_G_A_b38,0.3951251,-0.009725,0.011436336
rs114673291,chr6_11976600_A_G_b38,0.8020299,0.011036,0.044017074
rs62395447,chr6_11977036_T_C_b38,0.1187743,0.020963,0.013438346
rs62395448,chr6_11977120_G_C_b38,0.119161693,NA,NA
rs9380689,chr6_11977402_C_G_b38,0.818455901,NA,NA
rs56209525,chr6_11977404_T_C_b38,0.2392393,-0.028307,0.02405237
rs4714081,chr6_11977672_G_A_b38,0.2487819,-0.010778,0.009345251
rs9470638,chr6_11978043_G_T_b38,0.1238149,0.020671,0.013431828
rs9470643,chr6_11978591_G_A_b38,0.0927936,0.022564,0.013424224
rs62395449,chr6_11978654_T_G_b38,0.1225726,0.020748,0.013437258
rs72824072,chr6_11978853_C_T_b38,0.6466829,-0.00887,0.019350959
rs62395450,chr6_11978857_C_T_b38,0.1224105,0.020757,0.013437261
rs62395451,chr6_11979137_G_A_b38,0.1218532,0.020788,0.013437259
rs9470644,chr6_11979518_A_G_b38,0.1221046,0.020774,0.013437258
rs9394442,chr6_11979520_A_G_b38,0.8834608,-0.002152,0.014681055
rs7749672,chr6_11979828_G_A_b38,0.3339045,-0.008943,0.009255089
rs9366941,chr6_11979890_C_T_b38,0.8895398,-0.002039,0.014681047
rs7749829,chr6_11979949_G_A_b38,0.4773247,0.007148,0.010058935
rs9470647,chr6_11980105_A_G_b38,0.1230059,0.020724,0.013437261
rs13216585,chr6_11980178_A_G_b38,0.4096809,-0.009418,0.011423299
rs9462335,chr6_11980195_G_A_b38,0.1723635,0.018475,0.013538283
rs9462336,chr6_11980315_C_T_b38,0.1148246,0.021194,0.013440519
rs2031595,chr6_11980519_T_C_b38,0.4635829,0.007372,0.010057849
rs9462338,chr6_11980753_C_T_b38,0.1225488,0.020751,0.013438346
rs5874354,chr6_11980859_T_TA_b38,0.387306829,NA,NA
rs11751417,chr6_11980894_T_C_b38,0.1226389,0.020746,0.013438345
rs68009879,chr6_11981015_T_A_b38,0.250254076,NA,NA
rs11753078,chr6_11981034_G_A_b38,0.1228013,0.020737,0.013438346
rs66964129,chr6_11981728_T_C_b38,0.2495706,-0.027735,0.024088214
rs9470649,chr6_11981758_G_T_b38,0.13974,0.019842,0.013436172
rs67983335,chr6_11981777_CTTAATA_C_b38,0.124083907,NA,NA
rs67965571,chr6_11981823_A_AT_b38,0.074697198,NA,NA
rs4711507,chr6_11982228_C_T_b38,0.698297,0.004086,0.010541242
rs9462342,chr6_11982514_C_A_b38,0.1278267,0.020544,0.013491573
rs9470652,chr6_11982570_A_T_b38,0.120472105,NA,NA
rs57760403,chr6_11983093_C_T_b38,0.1233981,0.020704,0.013438344
rs77480053,chr6_11983815_C_T_b38,0.2835463,0.036372,0.033916865
rs9366944,chr6_11983881_A_G_b38,0.9507784,0.000955,0.015470771
rs28456343,chr6_11984441_A_G_b38,0.1222787,0.020766,0.013438347
rs28604953,chr6_11984595_A_G_b38,0.1214467,0.020809,0.013436172
rs9357250,chr6_11984614_T_C_b38,0.8568809,-0.002651,0.014699517
rs398000481,chr6_11984651_AC_A_b38,0.831643685,NA,NA
rs72824081,chr6_11984714_G_T_b38,0.1215004,0.020806,0.013436172
rs74741235,chr6_11985086_C_G_b38,0.923997798,NA,NA
rs11752244,chr6_11985100_G_A_b38,0.1110514,0.021464,0.013469847
rs11759900,chr6_11985309_T_C_b38,0.132618,0.02026,0.013472019
rs11757073,chr6_11985362_C_A_b38,0.1303892,0.020379,0.013473105
rs79732656,chr6_11985694_G_C_b38,0.276726511,NA,NA
rs139913421,chr6_11986004_C_A_b38,0.633256,-0.03499,0.073331385
rs11962958,chr6_11986168_G_A_b38,0.1102616,0.021437,0.013423138
rs11968013,chr6_11986271_C_G_b38,0.113542193,NA,NA
rs11961287,chr6_11986304_T_G_b38,0.1070365,0.02163,0.013420966
rs12528610,chr6_11986339_C_T_b38,0.3375953,-0.008976,0.009360458
rs11760074,chr6_11986432_A_G_b38,0.103799,0.021832,0.013420965
rs9470662,chr6_11986513_C_A_b38,0.1104145,0.021433,0.013426397
rs9470663,chr6_11986588_A_T_b38,0.112752109,NA,NA
rs9470666,chr6_11986698_C_T_b38,0.5177156,0.006237,0.009641803
rs9470667,chr6_11986844_T_G_b38,0.7057677,0.004093,0.010841056
rs9462352,chr6_11986856_T_C_b38,0.7027987,0.004046,0.010604247
rs34736803,chr6_11987478_TTAAG_T_b38,0.103324028,NA,NA
rs10947694,chr6_11987646_G_A_b38,0.1126529,0.021308,0.013431829
rs9470670,chr6_11987848_T_G_b38,0.4200785,0.009792,0.012144588
rs9470673,chr6_11987978_T_A_b38,0.106850287,NA,NA
rs1475358,chr6_11988366_G_C_b38,0.591012784,NA,NA
rs1475357,chr6_11988583_C_G_b38,0.623415004,NA,NA
rs9357253,chr6_11988590_A_T_b38,0.862786695,NA,NA
rs9462355,chr6_11989648_C_A_b38,0.1294033,0.02041,0.013458985
rs10456094,chr6_11989938_C_T_b38,0.6828941,0.003764,0.009213813
rs9470682,chr6_11990771_C_T_b38,0.1304539,0.020346,0.013453551
rs9380700,chr6_11991006_G_A_b38,0.395666,-0.00908,0.010690062
rs13214096,chr6_11991272_T_C_b38,0.0914487,0.059975,0.035534322
rs2327464,chr6_11993715_A_G_b38,0.3285551,0.009311,0.009529918
rs12213920,chr6_11993783_C_A_b38,0.3790265,-0.009403,0.010688975
NA,chr6_11994257_G_C_b38,0.129092099,NA,NA
rs114747824,chr6_11994360_G_A_b38,0.101189605,NA,NA
rs2148254,chr6_11994529_G_A_b38,0.8513072,-0.001742,0.009293105
rs59206097,chr6_11994945_G_A_b38,0.1235039,-0.036039,0.023398429
rs57774273,chr6_11994977_A_C_b38,0.1248217,-0.035968,0.023434275
rs9470697,chr6_11995233_G_A_b38,0.332783,0.009231,0.009531003
rs9470698,chr6_11995509_A_G_b38,0.1321688,0.020259,0.013455727
rs9380702,chr6_11995574_T_A_b38,0.345672814,NA,NA
rs9470699,chr6_11995684_C_T_b38,0.1284438,0.020453,0.013453555
rs9369021,chr6_11995758_A_G_b38,0.4037084,0.008608,0.010308778
rs79908271,chr6_11996405_A_G_b38,0.7678362,-0.019272,0.065283131
rs75334507,chr6_11996496_C_T_b38,0.2564829,0.038535,0.033959221
rs62398268,chr6_11996711_C_T_b38,0.1383359,0.01994,0.01345464
rs9462364,chr6_11996817_A_G_b38,0.8006943,-0.00234,0.009269212
rs9380705,chr6_11998489_T_C_b38,0.9128179,-0.001798,0.016422357
rs113135622,chr6_11998787_G_A_b38,0.1085836,-0.037592,0.023427761
rs140310160,chr6_11998933_G_A_b38,0.7408694,0.015432,0.046664334
rs6905791,chr6_11999035_T_C_b38,0.3313392,0.009247,0.009519055
rs6921878,chr6_11999060_C_T_b38,0.3518583,0.009653,0.010368523
rs75278462,chr6_11999330_T_C_b38,0.9570285,-0.000885,0.01642452
rs9462365,chr6_11999766_T_C_b38,0.1994529,0.017806,0.013877201
rs56087670,chr6_12000013_A_G_b38,0.1076212,-0.037693,0.023426675
rs9470713,chr6_12000070_A_G_b38,0.1343323,0.020148,0.013456811
rs9462366,chr6_12000116_T_C_b38,0.6135846,0.006047,0.011975127
rs56412238,chr6_12000272_A_G_b38,0.109405,-0.037444,0.023389735
rs67487004,chr6_12000365_T_TG_b38,0.143865161,NA,NA
rs62398271,chr6_12000876_C_A_b38,0.1311843,0.020314,0.013457898
rs61227873,chr6_12000973_T_A_b38,0.211403904,NA,NA
rs35209346,chr6_12001024_A_G_b38,0.4121352,-0.011604,0.014148771
rs114641341,chr6_12001346_G_A_b38,0.9977701,0.000175,0.062616984
rs9470718,chr6_12002229_G_C_b38,0.134806486,NA,NA
rs60552066,chr6_12002624_A_T_b38,0.147090787,NA,NA
rs9380706,chr6_12002687_A_G_b38,0.9982515,-3.60E-05,0.016427693
rs9470720,chr6_12002771_T_C_b38,0.1532351,0.019129,0.013393808
rs9470721,chr6_12002825_C_T_b38,0.1443567,0.019853,0.013600204
rs60200272,chr6_12002907_C_T_b38,0.108097,-0.037588,0.023392997
rs10947708,chr6_12005837_C_T_b38,0.151111,0.019336,0.013468761
rs72826009,chr6_12005925_T_C_b38,0.1005026,-0.038778,0.023610256
rs77500555,chr6_12006242_G_T_b38,0.247722592,NA,NA
rs80162301,chr6_12006450_C_T_b38,0.9740726,-0.000533,0.016399548
rs7753800,chr6_12006693_A_T_b38,0.132911202,NA,NA
rs78164230,chr6_12007802_C_A_b38,0.9921654,-0.000161,0.01639616
rs72826011,chr6_12007845_T_A_b38,0.104155294,NA,NA
rs56115353,chr6_12007852_G_A_b38,0.104128,-0.037998,0.02338105
rs35742723,chr6_12007894_A_AT_b38,0.967592348,NA,NA
NA,chr6_12008029_G_C_b38,0.333679295,NA,NA
rs41273100,chr6_12008682_C_G_b38,0.208536299,NA,NA
rs13196360,chr6_12009023_C_T_b38,0.8702334,0.001535,0.009396309
rs5874357,chr6_12009600_GTTTA_G_b38,0.929332387,NA,NA
rs62398272,chr6_12010112_A_T_b38,0.152291213,NA,NA
rs749446,chr6_12010587_C_A_b38,0.3321514,0.009222,0.009509279
rs78825705,chr6_12010606_G_A_b38,0.0832538,0.05652,0.032630704
rs1574343,chr6_12011431_A_T_b38,0.145000811,NA,NA
rs1574166,chr6_12011454_C_G_b38,0.730282492,NA,NA
rs3902984,chr6_12011538_A_C_b38,0.499607,0.006719,0.009952478
rs749817135,chr6_12012562_A_T_b38,0.365776128,NA,NA
rs866553446,chr6_12012648_C_A_b38,0.131538522,NA,NA
rs180910332,chr6_12012976_G_A_b38,0.812115,-0.007386,0.031072985
rs551357557,chr6_12013088_G_A_b38,0.106970001,NA,NA
NA,chr6_12013089_C_G_b38,0.106970001,NA,NA
rs398000482,chr6_12013208_TC_T_b38,0.486507226,NA,NA
rs72826014,chr6_12013247_G_A_b38,0.1446676,0.019657,0.013476365
rs13213752,chr6_12013846_T_C_b38,0.8297328,-0.002001,0.009305061
rs58831065,chr6_12013911_T_G_b38,0.1019831,-0.038143,0.023324563
rs139773151,chr6_12014182_A_C_b38,0.662478,-0.031949,0.073194508
NA,chr6_12014528_C_G_b38,0.153891915,NA,NA
rs6458035,chr6_12015063_A_G_b38,0.6057038,0.005238,0.010146923
rs6916066,chr6_12015776_G_C_b38,0.579578587,NA,NA
rs9470741,chr6_12016051_C_G_b38,0.162519111,NA,NA
rs55706944,chr6_12016510_C_T_b38,0.1004417,-0.038296,0.023312611
rs59606229,chr6_12016561_CATAAGGT_C_b38,0.154668721,NA,NA
rs115840300,chr6_12016587_C_T_b38,0.1592818,0.057084,0.040557269
rs75114570,chr6_12016603_G_A_b38,0.8364402,-0.013224,0.06405456
rs1409287,chr6_12016801_G_A_b38,0.1642931,0.018726,0.013464417
rs1409286,chr6_12016832_G_C_b38,0.572888117,NA,NA
rs113275014,chr6_12017544_G_A_b38,0.8522182,0.008192,0.043974706
rs541860177,chr6_12017628_TGTTTTACAGAGAGCTGATTGGTCC_T_b38,0.154668721,NA,NA
rs138896366,chr6_12017719_C_T_b38,0.1139351,-0.036939,0.023368015
rs142016595,chr6_12017720_C_T_b38,0.1001991,-0.038318,0.023309357
rs4357124,chr6_12017787_T_C_b38,0.5982742,0.005368,0.010188203
rs188159469,chr6_12017871_A_C_b38,0.8886951,-0.005817,0.041563192
rs4714115,chr6_12018017_G_A_b38,0.5669684,-0.005272,0.00920838
rs61706528,chr6_12018086_G_A_b38,0.9336476,-0.001366,0.016407131
NA,chr6_12018247_C_G_b38,0.57363498,NA,NA
rs4714119,chr6_12019121_A_T_b38,0.594315588,NA,NA
rs55964029,chr6_12019958_G_T_b38,0.0990532,-0.038421,0.023293061
rs6925772,chr6_12020008_T_C_b38,0.7710894,0.003347,0.011503687
rs16872190,chr6_12020056_A_G_b38,0.0988285,-0.038443,0.023290886
rs9470749,chr6_12020948_C_T_b38,0.1247289,0.020856,0.013584992
rs9470750,chr6_12020977_A_G_b38,0.2029363,0.017348,0.013625185
rs113015569,chr6_12020995_A_G_b38,0.0945084,-0.039006,0.023327821
rs9470751,chr6_12021138_A_C_b38,0.6341692,0.004826,0.010141491
rs9462377,chr6_12021306_C_T_b38,0.557061,-0.005406,0.009206207
rs9470752,chr6_12021413_T_C_b38,0.1739603,0.018278,0.013443777
rs9470753,chr6_12021890_C_G_b38,0.755857497,NA,NA
rs9470754,chr6_12022296_G_C_b38,0.159106788,NA,NA
rs58503060,chr6_12023014_A_G_b38,0.8891679,0.002319,0.016640691
NA,chr6_12023536_A_T_b38,0.692562496,NA,NA
rs9470756,chr6_12023650_G_A_b38,0.1614073,0.019074,0.01362084
rs9470760,chr6_12024939_G_A_b38,0.9210769,0.002875,0.029017749
rs9462378,chr6_12025568_C_A_b38,0.1873431,0.017701,0.01342531
rs9369032,chr6_12025589_C_T_b38,0.7289035,-0.004019,0.011596018
rs17765290,chr6_12026307_A_T_b38,0.547339916,NA,NA
rs9470768,chr6_12026819_G_A_b38,0.7040207,0.004584,0.012066378
rs56294425,chr6_12027132_T_C_b38,0.1016171,-0.038102,0.023274594
rs17697699,chr6_12027169_A_G_b38,0.3949547,-0.00853,0.010027433
rs9462379,chr6_12027260_G_A_b38,0.1732876,0.018314,0.013449209
rs79745010,chr6_12027305_A_G_b38,0.0943424,0.072018,0.043049194
rs956598,chr6_12027402_A_G_b38,0.8555921,0.002105,0.011566693
rs56138551,chr6_12027619_C_T_b38,0.1038002,-0.037928,0.023315874
rs137941164,chr6_12028145_GT_G_b38,0.154668721,NA,NA
rs9470780,chr6_12028674_T_C_b38,0.1718338,0.018388,0.013457899
rs55839618,chr6_12028742_G_A_b38,0.0911756,-0.039373,0.02330827
rs9349054,chr6_12029079_G_A_b38,0.8030308,-0.002891,0.011590583
rs2327505,chr6_12029183_T_G_b38,0.5244661,-0.005854,0.009197517
rs2327506,chr6_12029191_T_C_b38,0.5225924,-0.005877,0.009192085
rs72826025,chr6_12030037_C_G_b38,0.094964099,NA,NA
rs145813534,chr6_12030724_A_G_b38,0.3334499,0.032327,0.033423688
rs9470793,chr6_12031901_C_G_b38,0.180147611,NA,NA
rs115348457,chr6_12031933_G_A_b38,0.0886072,-0.072649,0.042664661
rs9296237,chr6_12033018_T_C_b38,0.8901746,-0.002356,0.017062167
NA,chr6_12033063_C_G_b38,0.112919873,NA,NA
rs148706582,chr6_12033379_A_G_b38,0.9353566,0.004576,0.056419071
rs55819840,chr6_12033383_G_C_b38,0.097873589,NA,NA
rs62395280,chr6_12033468_G_T_b38,0.1713237,0.018453,0.013489402
rs7741598,chr6_12033795_T_C_b38,0.1753611,0.018282,0.013490487
rs12525800,chr6_12035096_C_A_b38,0.7622491,-0.002795,0.009238794
rs56245276,chr6_12035241_T_C_b38,0.5025367,-0.018683,0.027864123
rs9470808,chr6_12035253_G_A_b38,0.2074937,0.016995,0.013482883
rs72826027,chr6_12035421_G_C_b38,0.102028809,NA,NA
rs142435852,chr6_12035784_T_C_b38,0.2841477,-0.05853,0.054647391
rs17676598,chr6_12036424_G_T_b38,0.7346066,-0.003684,0.010867123
rs9462407,chr6_12037003_T_C_b38,0.19135,0.017655,0.013512211
rs9470821,chr6_12037029_C_T_b38,0.2019462,0.017296,0.013554579
rs9462408,chr6_12037083_A_G_b38,0.1881087,0.017799,0.013523076
rs78336525,chr6_12037244_A_C_b38,0.2386381,0.02432,0.020638194
rs77618304,chr6_12038293_T_C_b38,0.8161063,-0.011304,0.048607675
rs55797398,chr6_12038823_A_G_b38,0.0716705,-0.042298,0.023483161
rs115264736,chr6_12040706_T_C_b38,0.502475,0.041206,0.061446412
rs368414162,chr6_12041659_ATTGT_A_b38,0.108468909,NA,NA
rs140753897,chr6_12041766_C_T_b38,0.4697838,0.033063,0.045740989
rs398000484,chr6_12041852_GT_G_b38,0.868784522,NA,NA
rs9394479,chr6_12041883_T_A_b38,0.830268099,NA,NA
rs62395284,chr6_12041934_T_C_b38,0.949105,0.003191,0.049991587
rs9394480,chr6_12042115_A_C_b38,0.2710962,-0.024198,0.021987356
rs187850449,chr6_12042127_C_T_b38,0.1885739,0.040488,0.030793813
rs577236984,chr6_12042228_C_T_b38,0.110803119,NA,NA
rs6933521,chr6_12042240_T_C_b38,0.4790511,0.013761,0.01944112
rs9470838,chr6_12042943_C_A_b38,0.4888611,0.008189,0.01183174
rs114555593,chr6_12042967_C_T_b38,0.0472968,0.066296,0.03342151
rs140847324,chr6_12043481_C_T_b38,0.7272378,-0.023509,0.067399229
rs7754856,chr6_12043728_C_T_b38,0.54976,-0.005778,0.009660272
rs9470843,chr6_12043821_T_C_b38,0.3215402,0.010975,0.011071345
rs9462420,chr6_12044519_C_T_b38,0.3218126,0.011169,0.011273393
rs35496291,chr6_12044574_A_G_b38,0.9416836,-0.000791,0.010812811
rs9470844,chr6_12044743_A_G_b38,0.6305505,0.005353,0.011130005
rs111388690,chr6_12046783_T_TA_b38,0.460095273,NA,NA
rs9470854,chr6_12047005_T_C_b38,0.9260588,-0.000882,0.00950384
rs17676641,chr6_12047350_G_A_b38,0.4658186,0.008739,0.011982735
rs9349068,chr6_12047894_G_A_b38,0.0713051,-0.026991,0.014965655
rs9296244,chr6_12048023_G_C_b38,0.810171299,NA,NA
rs80324683,chr6_12048261_C_T_b38,0.375825,0.010665,0.012042478
rs10223323,chr6_12048413_G_A_b38,0.5871845,0.006383,0.011756785
rs12210350,chr6_12048433_A_G_b38,0.5964197,0.005512,0.010408717
rs1570989,chr6_12048594_A_G_b38,0.6777194,0.004601,0.011071348
rs1570988,chr6_12048826_T_C_b38,0.5560472,0.00614,0.010429355
rs964432,chr6_12049385_G_A_b38,0.4227207,0.009618,0.011996856
rs116734395,chr6_12049862_C_T_b38,0.0943039,0.113154,0.067630582
rs6934047,chr6_12049998_A_G_b38,0.7796103,-0.002657,0.009495155
rs62395289,chr6_12050447_G_A_b38,0.5597849,0.006858,0.011760045
rs4291087,chr6_12050549_A_G_b38,0.2055204,0.014199,0.011215821
rs9349070,chr6_12051251_A_C_b38,0.4942235,-0.006912,0.010111075
rs67489657,chr6_12051713_GTA_G_b38,0.624988163,NA,NA
rs199683292,chr6_12051724_ATTACT_A_b38,0.302401621,NA,NA
rs35341148,chr6_12051850_A_G_b38,0.4336011,0.00944,0.012055512
NA,chr6_12051984_G_C_b38,0.546745406,NA,NA
rs1475356,chr6_12052033_A_G_b38,0.6601862,0.004912,0.011172368
rs71551285,chr6_12052684_A_G_b38,0.4572508,0.008957,0.012048997
rs9366954,chr6_12052712_G_C_b38,0.074008892,NA,NA
rs4598055,chr6_12052735_A_C_b38,0.4517847,0.009067,0.012050082
rs1983883,chr6_12053003_G_A_b38,0.4536327,0.00903,0.012050081
rs142042716,chr6_12053354_A_AT_b38,0.56830069,NA,NA
rs4714150,chr6_12053882_T_G_b38,0.6403816,0.00523,0.01119518
rs74656382,chr6_12054147_C_T_b38,0.6491213,0.025562,0.05618229
rs145437398,chr6_12054484_TATAC_T_b38,0.304618513,NA,NA
rs9885932,chr6_12054597_A_G_b38,0.479421,0.00846,0.011962092
rs72826042,chr6_12055249_C_T_b38,0.278892,0.015838,0.014626735
rs62395290,chr6_12055278_T_G_b38,0.0738161,0.028324,0.015843365
rs67757013,chr6_12055584_A_C_b38,0.0081171,-0.052059,0.019665983
rs12208186,chr6_12055726_C_T_b38,0.7158886,-0.003852,0.010583608
rs1886981,chr6_12056132_T_A_b38,0.619511196,NA,NA
rs12196128,chr6_12056538_G_A_b38,0.5774336,-0.006417,0.011517807
rs71551286,chr6_12056807_A_C_b38,0.3807424,0.010408,0.011874105
rs66727286,chr6_12058205_G_A_b38,0.0196213,-0.048053,0.020592568
rs62395291,chr6_12058239_T_A_b38,0.146761213,NA,NA
rs116458059,chr6_12058440_C_T_b38,0.5276564,0.035353,0.05597482
rs6933280,chr6_12059085_G_A_b38,0.9147926,0.001964,0.018355924
rs115743545,chr6_12059089_A_G_b38,0.6672525,0.0119,0.02767945
rs55760539,chr6_12059330_G_A_b38,0.6435048,-0.005057,0.01092687
rs13218440,chr6_12059721_G_A_b38,0.6054125,0.004855,0.00939739
rs55698720,chr6_12060140_T_A_b38,0.641896005,NA,NA
rs56321224,chr6_12060381_A_G_b38,0.6236743,-0.005357,0.010918178
rs66530314,chr6_12060575_G_A_b38,0.6426501,-0.005066,0.010918181
rs7743221,chr6_12062553_A_G_b38,0.3185248,0.009337,0.009360457
rs73724345,chr6_12062721_T_G_b38,0.7525337,-0.006561,0.020808737
rs9470880,chr6_12063078_A_G_b38,0.9811504,0.000436,0.018453723
rs6930779,chr6_12063635_G_A_b38,0.9885771,0.000264,0.018439654
rs7749026,chr6_12063785_A_G_b38,0.5937359,0.005003,0.009378923
rs75675058,chr6_12063804_T_C_b38,0.287724,0.012626,0.011876277
rs115348999,chr6_12065426_T_C_b38,0.092903,0.066576,0.039621985
rs58363859,chr6_12066162_G_A_b38,0.7803642,-0.00575,0.020620816
rs6458056,chr6_12066743_G_C_b38,0.682792696,NA,NA
rs7765398,chr6_12066974_A_C_b38,0.3889669,0.008078,0.009376751
rs67170588,chr6_12067070_T_A_b38,0.704919693,NA,NA
rs13212720,chr6_12067322_A_C_b38,0.3806685,0.010362,0.011819791
rs17608729,chr6_12067576_G_A_b38,0.2907396,0.012545,0.011874106
rs72826052,chr6_12067707_C_T_b38,0.3047034,0.012182,0.011868674
rs57578861,chr6_12068251_C_T_b38,0.9025875,-0.002518,0.020573012
rs149306053,chr6_12068278_C_A_b38,0.8139151,-0.004845,0.020583882
rs9394504,chr6_12068371_C_T_b38,0.5803927,0.005452,0.009862318
rs56050214,chr6_12068509_C_T_b38,0.7153026,-0.003976,0.0109008
rs115933919,chr6_12068583_A_C_b38,0.5619282,0.032383,0.0558347
rs9462437,chr6_12068605_G_A_b38,0.985864,-0.000331,0.018681804
rs397701996,chr6_12068877_T_TA_b38,0.573082353,NA,NA
rs4714170,chr6_12069464_A_G_b38,0.5849925,-0.005673,0.010388078
rs61235321,chr6_12069646_G_C_b38,0.815380201,NA,NA
rs62395293,chr6_12069794_A_G_b38,0.129488,0.020669,0.01363279
rs202223534,chr6_12069827_TATG_T_b38,0.807502396,NA,NA
rs369029657,chr6_12069962_GAC_G_b38,0.023408744,NA,NA
rs13195225,chr6_12070308_A_G_b38,0.7317368,-0.003572,0.01041958
rs75662687,chr6_12070811_C_T_b38,0.2658038,0.013235,0.011893658
rs6916070,chr6_12071051_T_C_b38,0.6614861,-0.004774,0.010902971
rs16872237,chr6_12071155_C_T_b38,0.5142813,0.010172,0.015596781
rs72826057,chr6_12071896_C_A_b38,0.4017908,0.020821,0.024833401
rs61374931,chr6_12072265_G_A_b38,0.5957112,0.029597,0.055782554
rs56938888,chr6_12072631_A_G_b38,0.737666,0.016071,0.047980902
rs62395294,chr6_12073343_C_T_b38,0.6651254,-0.004409,0.01018603
rs62395295,chr6_12073705_G_A_b38,0.6306469,-0.004895,0.010180598
rs71551288,chr6_12073771_A_T_b38,0.4098893,NA,NA
rs13219465,chr6_12073896_A_G_b38,0.4000626,0.009994,0.011876278
rs79373093,chr6_12074257_A_T_b38,0.311593305,NA,NA
rs4304148,chr6_12074278_C_G_b38,0.844928005,NA,NA
rs71551289,chr6_12074653_T_C_b38,0.1709623,0.018537,0.01353937
rs71551290,chr6_12074689_C_T_b38,0.3007362,0.01227,0.011856723
rs112833238,chr6_12074697_A_G_b38,0.3325566,0.011491,0.011858897
rs796467077,chr6_12074756_CT_C_b38,0.907085942,NA,NA
rs9470900,chr6_12074839_T_A_b38,0.9726303,NA,NA
rs78943861,chr6_12074840_G_A_b38,0.2972962,0.012352,0.011851294
rs75759007,chr6_12075134_C_T_b38,0.2675961,0.013159,0.01186976
rs79029571,chr6_12075144_C_T_b38,0.975441,-0.001428,0.046386222
rs9470903,chr6_12075938_T_C_b38,0.8562841,-0.001842,0.01017082
rs148451952,chr6_12076105_GC_G_b38,0.610409917,NA,NA
rs9380756,chr6_12076157_C_T_b38,0.4348376,0.007869,0.010076314
rs151302427,chr6_12076403_TG_T_b38,0.244921676,NA,NA
rs75589306,chr6_12076409_A_T_b38,0.244921676,NA,NA
rs9462445,chr6_12076443_G_A_b38,0.9045663,-0.001535,0.012802866
rs13198374,chr6_12076459_A_G_b38,0.3040785,0.012133,0.01180567
rs115216412,chr6_12076721_T_A_b38,0.750060209,NA,NA
rs13201819,chr6_12076751_A_G_b38,0.3231821,0.011659,0.011801325
rs61428390,chr6_12076756_C_T_b38,0.8992087,-0.001623,0.012813729
rs13215677,chr6_12076780_G_A_b38,0.316962,0.011812,0.011803497
rs7770934,chr6_12077489_G_A_b38,0.8914769,-0.001773,0.012995138
rs9366970,chr6_12077539_A_G_b38,0.5644883,0.011213,0.019460671
rs71551291,chr6_12077572_G_A_b38,0.3352003,0.011354,0.011781771
rs115679099,chr6_12077619_C_T_b38,0.5338767,0.013754,0.022109018
rs17608813,chr6_12077709_T_C_b38,0.2547373,0.013416,0.0117796
rs12210300,chr6_12078453_A_G_b38,0.6994475,-0.003948,0.010226221
rs2327508,chr6_12078479_A_G_b38,0.6829259,0.003926,0.009611389
rs2327509,chr6_12078539_A_G_b38,0.8231302,-0.002295,0.010267501
rs9369070,chr6_12078960_G_A_b38,0.6748834,0.008249,0.01966598
rs17608833,chr6_12079227_A_G_b38,0.2626691,0.013181,0.011767649
rs6910959,chr6_12079523_C_T_b38,0.6706585,0.008361,0.019661634
rs77068654,chr6_12080127_A_G_b38,0.9817885,0.001049,0.045954931
rs12176308,chr6_12080312_A_G_b38,0.5797809,0.010749,0.019412871
rs9462447,chr6_12080352_A_C_b38,0.6953545,-0.004883,0.012469387
rs9394517,chr6_12080416_G_T_b38,0.656859,0.008728,0.019646421
rs9349095,chr6_12080530_A_G_b38,0.6400586,0.009187,0.019646426
rs9369072,chr6_12080913_T_C_b38,0.6765974,0.008197,0.019651855
rs56176088,chr6_12081523_T_C_b38,0.6796314,0.008116,0.019652942
rs10498679,chr6_12081668_T_C_b38,0.7441977,0.006417,0.019665977
rs55943468,chr6_12081713_A_C_b38,0.6834007,0.008015,0.019652942
rs77514992,chr6_12081773_G_A_b38,0.1726615,0.016132,0.011829568
rs9380764,chr6_12081981_C_T_b38,0.7123073,0.007246,0.019649685
rs9296253,chr6_12082456_G_A_b38,0.6933333,0.007746,0.019643168
rs17608874,chr6_12082478_G_C_b38,0.158312285,NA,NA
rs9366972,chr6_12082605_A_G_b38,0.7216766,0.006762,0.018982706
rs375723844,chr6_12082859_CTA_C_b38,0.785469233,NA,NA
rs7775270,chr6_12083104_C_T_b38,0.8570464,0.008383,0.046537258
rs12664373,chr6_12083135_A_G_b38,0.5743461,-0.005823,0.010367439
rs34105568,chr6_12083147_A_G_b38,0.2195857,0.014485,0.011799153
rs9394520,chr6_12083207_G_A_b38,0.327712,0.020447,0.020891299
rs9296257,chr6_12083917_A_G_b38,0.8199264,-0.004159,0.018270104
rs9296258,chr6_12084212_C_G_b38,0.724201999,NA,NA
rs138116261,chr6_12084565_CACTT_C_b38,0.498603658,NA,NA
rs4339450,chr6_12084792_C_T_b38,0.585214,-0.005075,0.00929854
rs72826076,chr6_12084797_G_A_b38,0.5720055,0.010411,0.018423276
rs76409629,chr6_12085070_A_G_b38,0.3741971,-0.032139,0.036166541
rs9369074,chr6_12085202_G_A_b38,0.5768049,0.010237,0.018343977
rs67632693,chr6_12086137_A_G_b38,0.3248272,0.011336,0.011513462
rs4467769,chr6_12086526_G_A_b38,0.2267295,0.012409,0.010265327
rs4467770,chr6_12086593_G_A_b38,0.6957297,0.004092,0.010463028
rs115947501,chr6_12086768_A_G_b38,0.7811127,0.015081,0.054273721
rs10456464,chr6_12086851_A_G_b38,0.5110686,-0.0062,0.009434325
rs61432409,chr6_12087139_T_C_b38,0.7834376,0.014917,0.054274815
rs57691377,chr6_12087177_G_A_b38,0.8962155,-0.006793,0.052076157
rs10947756,chr6_12087659_G_A_b38,0.4780149,-0.006679,0.009413686
rs17608937,chr6_12087755_G_T_b38,0.1859937,0.015359,0.011613399
rs114182312,chr6_12088097_A_T_b38,0.051688202,NA,NA
rs6928420,chr6_12088144_C_T_b38,0.7587439,0.005635,0.018347238
rs9369076,chr6_12088311_A_G_b38,0.5708457,0.005542,0.009777588
rs9357278,chr6_12088385_C_G_b38,0.62006939,NA,NA
rs9462452,chr6_12088444_A_C_b38,0.449361,-0.007247,0.009579887
rs145920582,chr6_12088761_CT_C_b38,0.27329214,NA,NA
rs6939913,chr6_12089672_C_T_b38,0.6296702,0.004689,0.009724361
rs6940075,chr6_12089713_C_T_b38,0.848278,0.003491,0.018247294
rs2327511,chr6_12090098_T_A_b38,0.178669,NA,NA
rs9394526,chr6_12090330_G_A_b38,0.8336052,0.003615,0.017207727
rs75430495,chr6_12090456_G_T_b38,0.7176785,0.019687,0.054449687
rs71722866,chr6_12090606_G_GA_b38,0.851470639,NA,NA
rs140172281,chr6_12091877_G_T_b38,0.6888325,-0.021331,0.053268911
rs9380769,chr6_12092119_C_T_b38,0.3783986,-0.010045,0.011403747
rs116763261,chr6_12092162_G_A_b38,0.6816328,0.022503,0.054853783
rs9296262,chr6_12092265_C_T_b38,0.7683296,0.005046,0.017130603
rs79401384,chr6_12092673_A_G_b38,0.0971326,-0.075266,0.045370575
rs6910367,chr6_12093098_T_C_b38,0.3874598,0.009541,0.011039844
rs72826081,chr6_12093275_A_T_b38,0.932193901,NA,NA
rs116607448,chr6_12093675_G_A_b38,0.079711,0.074193,0.042338774
rs374697798,chr6_12093715_CTCTAT_C_b38,0.867589323,NA,NA
rs10947758,chr6_12093728_T_C_b38,0.4916274,-0.006793,0.009877527
rs114349054,chr6_12094696_T_C_b38,0.5441099,0.012576,0.020731613
rs9369081,chr6_12095159_A_G_b38,0.3952228,0.008044,0.009461482
rs116435950,chr6_12095458_C_T_b38,0.7921968,0.006534,0.02480082
rs73724354,chr6_12095939_A_T_b38,0.605467286,NA,NA
rs139962353,chr6_12096517_T_TA_b38,0.840197897,NA,NA
rs55846239,chr6_12096563_A_C_b38,0.9970766,0.000206,0.056223526
rs116208077,chr6_12096568_A_G_b38,0.9814926,-0.000481,0.020734845
rs9394538,chr6_12097551_C_G_b38,0.505360197,NA,NA
rs4714187,chr6_12098373_C_T_b38,0.4806858,0.007783,0.011036586
rs9380781,chr6_12099045_A_G_b38,0.5309754,-0.006134,0.009790624
rs9394540,chr6_12099102_G_T_b38,0.9439684,0.001264,0.01798443
rs9394541,chr6_12099505_C_T_b38,0.9000046,0.002235,0.017786722
rs9369083,chr6_12099656_A_G_b38,0.5032892,-0.006564,0.009806919
rs116060825,chr6_12099811_G_A_b38,0.6508653,0.009459,0.020901076
rs9366980,chr6_12100843_C_T_b38,0.9336782,0.001495,0.017964863
rs7752678,chr6_12100869_T_C_b38,0.5033723,-0.006554,0.009793885
rs12662314,chr6_12101289_C_T_b38,0.5678853,-0.006372,0.011156074
rs143844951,chr6_12101291_C_CTT_b38,0.817433324,NA,NA
rs6916455,chr6_12101361_T_C_b38,0.9465032,0.001206,0.017973547
rs571024143,chr6_12101380_TTATAAATACAATATGTATATAACATG_T_b38,0.817433324,NA,NA
rs115181853,chr6_12102267_A_T_b38,0.490530212,NA,NA
rs7768491,chr6_12102382_T_C_b38,0.520385,-0.009231,0.014361681
rs9380790,chr6_12103889_A_G_b38,0.4876224,-0.006819,0.009824298
rs116611686,chr6_12103906_A_G_b38,0.8575687,0.004791,0.026695276
rs6907440,chr6_12104657_T_G_b38,0.9285553,0.00161,0.017956195
rs191546290,chr6_12106286_G_A_b38,0.9725499,0.001412,0.041034121
rs55637995,chr6_12106311_T_G_b38,0.6419989,-0.005184,0.011150645
rs9366985,chr6_12106857_T_C_b38,0.5022305,-0.006573,0.009796056
rs4407714,chr6_12107036_C_T_b38,0.7630939,0.004416,0.014650632
rs191392696,chr6_12107992_A_G_b38,0.22751229,NA,NA
rs13206426,chr6_12108138_A_T_b38,0.496832784,NA,NA
rs9394551,chr6_12108283_A_G_b38,0.7629909,0.004341,0.014395358
rs138612503,chr6_12108321_C_T_b38,0.3792441,0.01821,0.020709893
rs116694663,chr6_12108350_G_T_b38,0.8990828,0.002275,0.017938799
NA,chr6_12108533_C_G_b38,0.62347881,NA,NA
rs181893243,chr6_12108557_C_T_b38,0.6300068,-0.01578,0.032757803
rs143473561,chr6_12108761_C_T_b38,0.4277359,0.007943,0.010015484
rs13193986,chr6_12108898_G_C_b38,0.546101589,NA,NA
rs114549462,chr6_12108940_G_A_b38,0.646472,0.025081,0.054682155
rs143437417,chr6_12110029_G_T_b38,0.3563547,-0.049817,0.054011921
rs9470951,chr6_12110227_A_G_b38,0.669639,0.02327,0.054542021
rs2327512,chr6_12110609_A_C_b38,0.5571762,-0.006558,0.011171282
rs116373433,chr6_12110688_C_G_b38,0.669464409,NA,NA
rs112931061,chr6_12110847_G_A_b38,0.2273839,0.03729,0.030891573
rs12213481,chr6_12111636_G_A_b38,0.6240236,-0.010995,0.02243164
rs72826086,chr6_12111927_T_C_b38,0.9312816,0.001547,0.017939874
rs72826088,chr6_12112096_C_T_b38,0.9274493,0.001634,0.0179453
rs4714201,chr6_12112129_A_G_b38,0.5471324,-0.005924,0.009839507
rs73724358,chr6_12112821_C_A_b38,0.634181,0.011206,0.023549421
rs72826090,chr6_12113244_C_A_b38,0.5897505,0.007858,0.014573506
rs72826091,chr6_12114565_C_T_b38,0.9433553,0.001276,0.017958339
rs79548802,chr6_12116092_A_G_b38,0.6637854,0.009995,0.022993248
rs72826092,chr6_12116521_T_C_b38,0.8818254,-0.005154,0.034670744
rs137923252,chr6_12116713_C_CA_b38,0.04730607,NA,NA
rs4377779,chr6_12117111_T_C_b38,0.6102297,-0.005009,0.00982647
rs116660696,chr6_12117126_T_G_b38,0.6888628,0.021859,0.054593068
rs149059290,chr6_12117203_G_T_b38,0.744922,0.019508,0.059961457
rs2327514,chr6_12117322_G_A_b38,0.891954,-0.002317,0.017057822
rs116442157,chr6_12117527_T_C_b38,0.5854555,0.012895,0.023641752
rs16872277,chr6_12118329_T_C_b38,0.8367079,0.003687,0.017888829
rs2327515,chr6_12118334_G_A_b38,0.3616526,0.008954,0.009815608
rs59971934,chr6_12119045_A_G_b38,0.4910244,0.016031,0.023277851
rs9394569,chr6_12119652_A_G_b38,0.4526734,-0.007372,0.009816696
rs3800499,chr6_12119857_C_T_b38,0.6005939,-0.005843,0.011160419
rs142489989,chr6_12119864_TTTG_T_b38,0.600154193,NA,NA
rs2228215,chr6_12120212_A_G_b38,0.4489925,-0.007433,0.009817781
rs2228209,chr6_12120355_C_T_b38,0.4619216,-0.00723,0.009827557
rs2228210,chr6_12121941_A_G_b38,0.4689461,-0.007121,0.009832989
rs2228211,chr6_12122540_T_C_b38,0.7238185,-0.003883,0.010988791
rs2228219,chr6_12122816_G_A_b38,0.4868468,0.016065,0.023104046
rs114781166,chr6_12122999_C_T_b38,0.661637426,NA,NA
rs2228220,chr6_12123016_A_G_b38,0.6507307,0.006545,0.014456187
rs34258344,chr6_12123305_G_T_b38,0.4939091,0.015761,0.023038874
rs2228212,chr6_12124354_C_G_b38,0.485365708,NA,NA
rs2228213,chr6_12124622_G_A_b38,0.5692024,-0.005604,0.009844938
rs1126472,chr6_12125539_A_G_b38,0.6921556,0.005537,0.013984744
rs60767400,chr6_12126015_A_G_b38,0.7871691,0.014648,0.054254161
rs58853119,chr6_12126465_A_G_b38,0.7882919,0.01457,0.054258506
rs59856455,chr6_12126603_A_G_b38,0.8062301,0.013306,0.054245481
rs60883877,chr6_12126673_G_T_b38,0.8231147,0.01212,0.054218313
rs6929481,chr6_12126830_A_T_b38,0.36355339,NA,NA
rs9369101,chr6_12127014_C_T_b38,0.9809271,0.000426,0.017819337
rs9369102,chr6_12127152_C_T_b38,0.6221895,-0.005085,0.010319642
rs116235530,chr6_12127324_C_T_b38,0.6044027,0.01212,0.023394087
rs150666137,chr6_12128644_C_T_b38,0.5537266,-0.038679,0.065315722
rs7741589,chr6_12128814_T_C_b38,0.5988051,-0.005862,0.011141953
rs7383768,chr6_12129009_A_G_b38,0.5042078,-0.006576,0.009846025
rs9369103,chr6_12129205_G_C_b38,0.644060089,NA,NA
rs73724362,chr6_12129313_G_T_b38,0.5077233,0.01527,0.023052992
rs9357299,chr6_12129363_T_C_b38,0.4949836,-0.006716,0.009841679
rs3734271,chr6_12129703_T_G_b38,0.8793747,0.002564,0.016894881
rs1886072,chr6_12130509_G_A_b38,0.7322561,0.008333,0.024356527
rs139225628,chr6_12131002_AC_A_b38,0.669094648,NA,NA
rs12213070,chr6_12131309_G_A_b38,0.6123071,-0.004992,0.00985037
rs3777777,chr6_12132461_T_G_b38,0.6272316,-0.005414,0.011148473
rs9380831,chr6_12133107_G_A_b38,0.6822428,0.005942,0.014513762
rs3777776,chr6_12133280_T_G_b38,0.4719089,-0.007083,0.009846025
rs3777775,chr6_12133598_T_C_b38,0.5414413,0.006011,0.009843852
rs114837894,chr6_12134294_G_A_b38,0.4666049,0.017085,0.02346795
rs3777774,chr6_12134532_G_A_b38,0.6047464,-0.005754,0.01111697
rs3777773,chr6_12135058_T_A_b38,0.9125627,NA,NA
rs3777772,chr6_12135201_A_G_b38,0.6495045,-0.005061,0.011136522
rs9470991,chr6_12135386_T_C_b38,0.9495174,0.003405,0.05378057
rs3777771,chr6_12136762_T_C_b38,0.6347016,0.006903,0.014528968
rs60957247,chr6_12136839_A_G_b38,0.54295,0.014154,0.023265903
rs3777770,chr6_12136943_G_A_b38,0.6354867,0.006887,0.014528968
rs3777769,chr6_12137504_C_T_b38,0.9026124,0.002182,0.017832346
rs219938,chr6_12137774_A_G_b38,0.9011052,-0.00676,0.054399728
rs219939,chr6_12137893_G_A_b38,0.972426,0.002063,0.05968333
rs3822926,chr6_12138028_C_T_b38,0.9020795,0.002194,0.017832346
rs219940,chr6_12138364_C_A_b38,0.7108845,0.003648,0.00984168
rs112958586,chr6_12138492_G_T_b38,0.6489133,0.010758,0.023629811
rs12664849,chr6_12138987_A_G_b38,0.6337001,-0.005341,0.011208216
rs4443504,chr6_12140470_A_G_b38,0.6674289,-0.00478,0.011124574
rs9369106,chr6_12140485_G_A_b38,0.8991826,0.002232,0.017617252
rs114415531,chr6_12140696_T_C_b38,0.7033577,0.010464,0.027479578
rs9380837,chr6_12140912_C_T_b38,0.9982074,4.00E-05,0.017803947
rs6917623,chr6_12141035_C_G_b38,0.607720306,NA,NA
rs139600186,chr6_12141051_G_A_b38,0.7547517,0.006072,0.019437859
rs147193332,chr6_12141584_G_A_b38,0.6792038,-0.00461,0.011147386
rs9369108,chr6_12141986_G_T_b38,0.603654,-0.005124,0.009869922
rs149784989,chr6_12142133_A_C_b38,0.6504192,0.010712,0.023637412
rs111758821,chr6_12142354_A_C_b38,0.4850178,0.016332,0.02338974
rs72828103,chr6_12142444_A_T_b38,0.6894004,NA,NA
rs10947793,chr6_12142584_A_G_b38,0.8632925,-0.001729,0.010041555
rs370463932,chr6_12143189_G_T_b38,0.059240081,NA,NA
rs6931770,chr6_12143321_A_G_b38,0.6524163,-0.005015,0.01113435
rs219945,chr6_12143545_G_T_b38,0.8395938,0.002,0.009880784
rs150349121,chr6_12143827_A_G_b38,0.5345349,0.006114,0.009843851
rs219946,chr6_12143938_C_T_b38,0.5452482,-0.008138,0.013453556
rs116156745,chr6_12143982_C_T_b38,0.7546513,0.00608,0.019455241
rs139476391,chr6_12144094_C_A_b38,0.7012951,-0.00428,0.011158246
rs148412062,chr6_12144134_G_T_b38,0.6909059,0.004039,0.010157787
rs115179616,chr6_12144256_T_G_b38,0.9053664,0.00212,0.017832346
rs4317394,chr6_12145099_A_C_b38,0.7260551,-0.003945,0.011259271
rs113042986,chr6_12145105_G_T_b38,0.6637883,0.010282,0.023653702
rs7449638,chr6_12145190_A_G_b38,0.6709487,-0.004765,0.01121582
rs4714232,chr6_12145436_G_A_b38,0.642057,-0.00461,0.009917717
rs72828104,chr6_12146852_T_G_b38,0.6678646,-0.004778,0.011135438
rs3777768,chr6_12147381_C_G_b38,0.550233385,NA,NA
rs3836954,chr6_12147576_A_ATT_b38,0.559005561,NA,NA
rs3777767,chr6_12148301_C_T_b38,0.7186586,-0.004019,0.011156076
rs220018,chr6_12148905_G_A_b38,0.7517063,0.003109,0.009826471
rs72828105,chr6_12149618_G_T_b38,0.9912961,0.00046,0.042167261
rs3777764,chr6_12149996_G_A_b38,0.7239862,-0.00394,0.011157162
rs3777763,chr6_12150126_G_T_b38,0.5595375,0.005741,0.00983842
rs3777762,chr6_12150215_C_T_b38,0.9479704,0.001166,0.017868166
rs220019,chr6_12150515_C_A_b38,0.6866812,-0.01966,0.048740218
rs3777761,chr6_12150567_A_T_b38,0.587829103,NA,NA
rs3777760,chr6_12150578_G_A_b38,0.6060582,-0.00509,0.009869921
rs3822925,chr6_12150940_G_A_b38,0.581336,-0.005451,0.009885131
rs1998528,chr6_12151377_G_A_b38,0.5908704,-0.005314,0.00988513
rs3777758,chr6_12152614_G_A_b38,0.9481969,0.00116,0.017854054
rs796941662,chr6_12152825_TG_T_b38,0.99855913,NA,NA
rs79884013,chr6_12152882_A_G_b38,0.240212,0.076796,0.065388512
rs220021,chr6_12152939_G_A_b38,0.6418684,0.004747,0.010206669
rs220022,chr6_12153417_G_A_b38,0.611192,0.005191,0.010211013
rs13209918,chr6_12153655_T_A_b38,0.427254614,NA,NA
rs220024,chr6_12153864_C_T_b38,0.6173446,0.005094,0.010195805
rs4484521,chr6_12154083_G_T_b38,0.759701,-0.003417,0.011171287
rs220025,chr6_12154100_G_A_b38,0.762772,0.002969,0.00983625
rs2157492,chr6_12154828_T_A_b38,0.756317609,NA,NA
rs548568219,chr6_12154881_TTC_T_b38,0.582860009,NA,NA
rs219947,chr6_12155160_C_T_b38,0.9964315,0.000243,0.05433244
rs2157494,chr6_12155416_C_T_b38,0.8282665,-0.002236,0.010307692
rs2157495,chr6_12155445_T_C_b38,0.3964756,0.008346,0.009842765
rs12199075,chr6_12155500_A_G_b38,0.417021,-0.008036,0.009901425
rs219948,chr6_12155666_G_A_b38,0.4124225,0.008031,0.009798228
rs116840241,chr6_12156127_C_G_b38,0.923523998,NA,NA
rs12663812,chr6_12156360_G_T_b38,0.774816,-0.003199,0.011182144
rs115386174,chr6_12156417_G_A_b38,0.6570291,0.010576,0.023818819
rs9394589,chr6_12156922_C_T_b38,0.839142,-0.002097,0.010330503
rs72828110,chr6_12156962_T_G_b38,0.787411,-0.003017,0.011187578
rs12197552,chr6_12157985_C_G_b38,0.378489612,NA,NA
rs9380859,chr6_12158092_T_C_b38,0.3852701,-0.008608,0.009914458
rs219949,chr6_12158099_C_A_b38,0.6098641,0.005217,0.01022405
rs7751398,chr6_12158637_T_C_b38,0.9628636,0.000832,0.017869265
rs7747677,chr6_12158879_A_G_b38,0.4137761,-0.008441,0.010328331
NA,chr6_12159457_C_G_b38,0.948519899,NA,NA
rs3777755,chr6_12159466_C_T_b38,0.3287516,-0.01007,0.010310951
rs77132268,chr6_12159544_T_C_b38,0.271477,0.036743,0.033412826
rs78641709,chr6_12159609_A_G_b38,0.5852442,-0.033947,0.062203538
rs3777754,chr6_12160314_T_C_b38,0.9070408,0.002095,0.017940958
rs45516292,chr6_12161395_C_A_b38,0.563192,0.013886,0.024019782
rs16872341,chr6_12162763_A_T_b38,0.612900514,NA,NA
rs1042054,chr6_12164379_C_G_b38,0.559366898,NA,NA
rs219950,chr6_12165130_C_T_b38,0.2996813,0.010314,0.009944875
rs17650437,chr6_12165286_C_T_b38,0.6150646,0.012031,0.023925275
rs16872348,chr6_12166266_T_C_b38,0.8460994,-0.002061,0.010618365
rs74729494,chr6_12166944_G_A_b38,0.882243852,NA,NA
rs79272322,chr6_12167055_ATTAT_A_b38,0.862629533,NA,NA
rs201478351,chr6_12167067_G_A_b38,0.073722473,NA,NA
rs146161773,chr6_12167868_A_G_b38,0.0786906,-0.040787,0.023196382
rs145103933,chr6_12168949_G_A_b38,0.2987899,0.028849,0.02776527
rs553707356,chr6_12168980_CAGGTTCA_C_b38,0.177732803,NA,NA
rs12664121,chr6_12169182_C_T_b38,0.9820345,0.000244,0.010835623
rs60122380,chr6_12169889_G_C_b38,0.816699997,NA,NA
rs9394604,chr6_12170428_C_A_b38,0.9734768,-0.000606,0.018226646
rs219962,chr6_12170597_T_C_b38,0.4677588,0.037624,0.051814379
rs17590854,chr6_12170666_G_A_b38,0.8002186,0.005998,0.023701494
rs219963,chr6_12170694_T_C_b38,0.9391844,0.001364,0.017877973
rs9394605,chr6_12170924_G_A_b38,0.1244435,-0.016127,0.010496705
rs72828115,chr6_12171344_G_A_b38,0.3412813,-0.022089,0.023211591
rs9369125,chr6_12171552_G_A_b38,0.1834781,-0.013933,0.01047498
rs9380878,chr6_12172834_A_G_b38,0.1010772,-0.017113,0.01043696
rs17650643,chr6_12173265_T_C_b38,0.7855915,0.006451,0.023713452
rs10947819,chr6_12173524_T_G_b38,0.7087938,-0.005595,0.014980861
rs9367018,chr6_12173899_A_G_b38,0.5102098,0.011099,0.016854691
rs17650707,chr6_12173940_T_G_b38,0.7113478,-0.014992,0.040513821
rs219964,chr6_12174333_T_A_b38,0.44557601,NA,NA
rs12189595,chr6_12174678_A_G_b38,0.7956636,-0.003136,0.012109826
rs377624276,chr6_12174886_GTAATT_G_b38,0.205920827,NA,NA
rs12209865,chr6_12175200_C_T_b38,0.1025581,-0.017048,0.01044239
rs1111404,chr6_12175214_G_A_b38,0.1307716,-0.015203,0.010061108
rs1111405,chr6_12175401_C_A_b38,0.7577289,0.007297,0.023655883
rs10755704,chr6_12175950_A_G_b38,0.1419556,-0.01478,0.010064367
rs12661851,chr6_12175965_G_A_b38,0.2247972,0.011874,0.009781934
rs10755705,chr6_12175998_A_G_b38,0.0906253,-0.017802,0.010520603
rs12191789,chr6_12175999_A_G_b38,0.7563037,-0.003775,0.012164144
rs10807210,chr6_12176005_A_G_b38,0.1041669,-0.017094,0.010519517
rs73722712,chr6_12176010_T_G_b38,0.8200862,0.005393,0.023712362
rs1978050,chr6_12176417_A_C_b38,0.7653162,-0.003634,0.012173917
rs112048041,chr6_12176529_G_A_b38,0.7991374,0.006066,0.023838376
rs55786725,chr6_12176939_T_A_b38,0.518056903,NA,NA
rs58515743,chr6_12177056_C_T_b38,0.8190752,0.005438,0.023774278
rs12199790,chr6_12177057_G_A_b38,0.1036056,-0.01712,0.010518429
rs796734203,chr6_12177175_TG_T_b38,0.805161329,NA,NA
rs9394618,chr6_12177612_A_T_b38,0.09790649,NA,NA
rs17591297,chr6_12177832_A_G_b38,0.8298215,0.005132,0.023877485
rs73722714,chr6_12177990_A_G_b38,0.8963394,0.003103,0.023816658
rs80271764,chr6_12178365_G_T_b38,0.8663557,0.004009,0.023822075
rs34030751,chr6_12178748_A_ACAT_b38,0.552434522,NA,NA
rs219965,chr6_12179020_A_G_b38,0.105939,-0.016979,0.010502136
rs12192252,chr6_12179514_C_T_b38,0.7394326,-0.004642,0.013956502
rs141094860,chr6_12179646_C_T_b38,0.8503197,0.008722,0.046218938
rs9471137,chr6_12179693_A_G_b38,0.9477267,0.001476,0.022513109
rs398000486,chr6_12180112_AT_A_b38,0.128464355,NA,NA
rs76163728,chr6_12180286_G_C_b38,0.903954701,NA,NA
rs79854820,chr6_12180396_G_C_b38,0.903310097,NA,NA
rs16872375,chr6_12181060_T_G_b38,0.1445591,0.026582,0.018219056
rs62386834,chr6_12181285_G_A_b38,0.0779628,-0.018969,0.010761755
rs16872377,chr6_12181634_A_G_b38,0.9007032,0.002299,0.018425449
rs74490704,chr6_12182557_G_A_b38,0.8649498,0.003133,0.018421098
rs10947826,chr6_12182817_G_A_b38,0.0816537,-0.01853,0.010642266
rs77004223,chr6_12183058_C_T_b38,0.4298833,0.023763,0.03010294
rs11755555,chr6_12183719_G_A_b38,0.5974517,-0.008192,0.015513134
rs7453037,chr6_12184063_T_A_b38,0.452198161,NA,NA
rs114829086,chr6_12185869_A_T_b38,0.26894579,NA,NA
rs74458086,chr6_12187236_A_C_b38,0.47679,0.012484,0.017546649
rs7755045,chr6_12187409_G_C_b38,0.060341398,NA,NA
rs79601910,chr6_12187424_C_G_b38,0.73246229,NA,NA
rs138165461,chr6_12187485_C_T_b38,0.6927831,-0.018398,0.046567664
rs35810403,chr6_12187521_T_C_b38,0.0214149,-0.027115,0.011786114
rs113512705,chr6_12187616_G_A_b38,0.98046,0.000474,0.019353095
rs7759152,chr6_12187627_G_C_b38,0.004632802,NA,NA
rs9380886,chr6_12187994_G_A_b38,0.0015435,-0.034344,0.010846462
rs7746805,chr6_12188235_T_G_b38,0.0013421,-0.034713,0.010824736
rs4714268,chr6_12188444_A_C_b38,0.0007785,0.032458,0.009659176
rs10947833,chr6_12189024_T_C_b38,0.6617011,-0.005344,0.012213022
rs9367023,chr6_12189045_G_A_b38,0.7136012,0.0056,0.015257863
NA,chr6_12190098_A_T_b38,0.0021584,NA,NA
rs12209830,chr6_12190223_T_C_b38,0.7739424,-0.00353,0.012290148
rs16872417,chr6_12190823_T_G_b38,0.0008382,-0.035852,0.010734575
rs7759267,chr6_12191420_A_G_b38,0.0023174,-0.0286,0.009388692
rs12203579,chr6_12191457_C_T_b38,0.7924086,-0.003232,0.012280372
rs2876257,chr6_12191955_T_C_b38,0.0021518,0.028802,0.009386531
rs78041046,chr6_12192301_A_T_b38,0.938029803,NA,NA
rs12196752,chr6_12192628_C_A_b38,0.0026236,-0.028127,0.009348527
rs7745559,chr6_12193411_T_A_b38,0.0057309,NA,NA
rs7759950,chr6_12193417_C_T_b38,0.0030296,-0.027574,0.009300714
rs10552417,chr6_12193620_ATTTG_A_b38,0.009647464,NA,NA
rs12198779,chr6_12193835_C_T_b38,0.8726442,-0.001944,0.012127207
rs72828130,chr6_12193958_A_G_b38,0.7056793,-0.004523,0.011976215
rs140815,chr6_12194056_T_TGTGCAGTAA_b38,0.773402614,NA,NA
rs6933019,chr6_12194529_G_A_b38,0.0036021,-0.030781,0.010573828
rs71791235,chr6_12194582_CT_C_b38,0.695211145,NA,NA
rs10484256,chr6_12194917_A_G_b38,0.6073216,-0.006149,0.011965352
rs55996902,chr6_12195660_G_GAATACATCTGACTCCA_b38,0.773402614,NA,NA
rs219972,chr6_12195873_A_G_b38,0.8191949,-0.004497,0.019673585
rs9380894,chr6_12196371_T_C_b38,0.8695446,0.001783,0.010856265
rs1040992,chr6_12196677_G_T_b38,0.7740402,-0.003433,0.011957747
rs1040993,chr6_12196705_C_T_b38,0.7725044,-0.003446,0.011919727
rs78671317,chr6_12196908_G_A_b38,0.0128555,-0.134295,0.05398257
rs1040994,chr6_12196980_C_A_b38,0.7336843,-0.004068,0.011956663
rs11969649,chr6_12198070_A_C_b38,0.0023165,-0.032036,0.010516245
rs143242677,chr6_12198104_G_A_b38,0.2321678,0.056202,0.047039097
rs79449696,chr6_12198438_A_G_b38,0.198277,0.051269,0.039852278
rs72828132,chr6_12198764_C_T_b38,0.7591843,-0.003672,0.011978388
rs219975,chr6_12198803_T_A_b38,0.9708337,NA,NA
rs182174537,chr6_12199025_G_T_b38,0.1991308,0.051173,0.039853372
rs72828134,chr6_12199094_C_T_b38,0.7534294,-0.003763,0.011979473
rs219976,chr6_12199284_T_C_b38,0.9746079,0.00064,0.020107038
rs7758143,chr6_12199522_C_T_b38,0.2212356,-0.02534,0.020715321
rs219977,chr6_12200044_G_A_b38,0.0064556,-0.02514,0.009230107
rs219978,chr6_12200084_A_G_b38,0.0066796,-0.025027,0.009226852
rs219979,chr6_12200377_T_C_b38,0.928017,0.00182,0.020146106
rs2012560,chr6_12200494_C_G_b38,0.005118401,NA,NA
rs1022848,chr6_12200539_A_G_b38,0.0036013,-0.026851,0.009223582
rs144449152,chr6_12200675_G_A_b38,0.7221205,-0.016546,0.046526377
rs1023483,chr6_12200713_A_G_b38,0.0047312,-0.026024,0.009212729
rs2187912,chr6_12200803_C_T_b38,0.0010874,0.031353,0.009597232
rs9380902,chr6_12201531_A_G_b38,0.0033485,-0.030776,0.010490183
rs9380903,chr6_12201547_A_G_b38,0.0025598,-0.03166,0.010496716
rs114219732,chr6_12202369_G_A_b38,0.0157961,0.135866,0.056292014
rs9369145,chr6_12202990_G_A_b38,0.0076403,-0.028444,0.010662906
rs6458125,chr6_12203030_A_G_b38,0.0084478,-0.024466,0.009289847
rs2227214,chr6_12203536_A_T_b38,0.009273,NA,NA
rs763326,chr6_12203538_T_C_b38,0.0112416,-0.025762,0.010162133
rs219981,chr6_12203905_C_T_b38,0.7936608,0.005497,0.021016223
rs149683959,chr6_12204008_C_T_b38,0.7563297,0.005283,0.017025234
rs1034451,chr6_12204260_A_G_b38,0.5784985,0.00797,0.014345387
rs9471195,chr6_12204891_A_C_b38,0.767123,0.006926,0.023387569
rs219982,chr6_12205026_G_A_b38,0.1667421,0.020159,0.014578939
rs373107405,chr6_12205396_G_A_b38,0.440356515,NA,NA
rs7761754,chr6_12206165_G_A_b38,0.4625744,0.00828,0.01127122
rs139798824,chr6_12206292_C_T_b38,0.3355537,-0.033013,0.034281849
rs219983,chr6_12206507_G_A_b38,0.2833082,0.022882,0.021326899
rs72653728,chr6_12206526_A_C_b38,0.8554201,0.002235,0.012266253
rs79699341,chr6_12206819_G_A_b38,0.3680071,-0.030638,0.034034181
rs76703989,chr6_12206978_C_T_b38,0.3733711,-0.030309,0.034048303
rs141138419,chr6_12207391_G_A_b38,0.1948348,0.059944,0.046238515
rs114305317,chr6_12207591_A_G_b38,0.87348834,NA,NA
rs885869,chr6_12207860_G_A_b38,0.8065267,-0.011001,0.044918681
rs1739341,chr6_12207977_G_C_b38,0.887334902,NA,NA
rs219985,chr6_12208432_A_T_b38,0.171511785,NA,NA
rs219986,chr6_12208586_G_T_b38,0.1882606,0.012719,0.009666788
rs370464296,chr6_12208888_TCTGA_T_b38,0.110025477,NA,NA
NA,chr6_12208995_G_C_b38,0.822778795,NA,NA
rs219987,chr6_12209127_C_A_b38,0.1473875,0.017279,0.011926246
rs147179761,chr6_12209230_G_A_b38,0.4501862,-0.025231,0.033413911
rs1739340,chr6_12209386_T_C_b38,0.7017985,-0.003713,0.009697206
rs219988,chr6_12209459_G_T_b38,0.3637841,0.008718,0.009599438
rs75385514,chr6_12210327_A_C_b38,0.7830094,-0.012329,0.044767706
rs368526795,chr6_12210460_TTAGAG_T_b38,0.846089529,NA,NA
rs78094547,chr6_12210488_A_G_b38,0.7803752,-0.012485,0.044776369
rs219990,chr6_12211062_C_G_b38,0.283813625,NA,NA
rs9471209,chr6_12211121_C_T_b38,0.7918344,-0.011544,0.043738985
rs9471210,chr6_12211139_C_T_b38,0.9642838,-0.000548,0.012237995
rs219991,chr6_12211144_G_A_b38,0.1544248,0.014566,0.010228395
rs9471211,chr6_12211165_T_C_b38,0.3277883,0.010848,0.011085468
rs77269958,chr6_12211169_G_A_b38,0.0851653,0.027891,0.016201836
rs74925802,chr6_12211170_C_T_b38,0.0785947,0.028463,0.016182285
rs219992,chr6_12211184_G_A_b38,0.0974757,0.027264,0.016451682
rs219997,chr6_12211533_C_T_b38,0.1058903,0.01865,0.011534102
rs219998,chr6_12211654_T_A_b38,0.334247292,NA,NA
rs219999,chr6_12211669_G_A_b38,0.1023012,0.018619,0.011396143
rs72653729,chr6_12211736_G_A_b38,0.6444438,-0.00516,0.011181063
rs220000,chr6_12211819_G_A_b38,0.1687017,0.028916,0.021008619
rs220001,chr6_12212028_G_A_b38,0.3945844,0.008041,0.009445187
rs9462582,chr6_12212032_G_A_b38,0.5589181,-0.00655,0.011207133
rs435292,chr6_12212132_A_C_b38,0.3934982,0.008053,0.009437582
rs405742,chr6_12212137_G_A_b38,0.4010768,0.007922,0.009434325
rs220002,chr6_12212257_G_A_b38,0.133316,0.030668,0.02042963
rs393708,chr6_12212323_C_T_b38,0.194078883,NA,NA
rs395811,chr6_12212324_A_G_b38,0.277034453,NA,NA
rs220003,chr6_12212559_G_A_b38,0.1274751,0.031164,0.020447014
rs1794850,chr6_12212789_C_T_b38,0.5022202,-0.021713,0.032359139
rs1794851,chr6_12212794_G_A_b38,0.2415423,0.024286,0.02073705
rs220004,chr6_12212822_A_G_b38,0.2590228,0.01301,0.011526496
rs13217165,chr6_12212869_C_T_b38,0.6929076,0.004005,0.010141492
rs220005,chr6_12212873_C_G_b38,0.390409299,NA,NA
rs144264268,chr6_12212883_A_G_b38,0.6030815,-0.022964,0.044163722
rs220006,chr6_12212925_G_A_b38,0.6133695,-0.005504,0.010893195
rs140709,chr6_12213177_CATT_C_b38,0.805937294,NA,NA
rs220007,chr6_12213240_A_G_b38,0.8787491,-0.001542,0.010107821
rs220008,chr6_12213262_A_G_b38,0.5146487,0.006115,0.009384357
rs220009,chr6_12213464_C_T_b38,0.5320234,0.005838,0.009341992
rs9471223,chr6_12213484_G_A_b38,0.098315,0.017799,0.010767187
rs220010,chr6_12213614_T_C_b38,0.4707248,0.006747,0.009353941
NA,chr6_12213654_G_GGCCTCATAT_b38,0.310595474,NA,NA
rs220011,chr6_12213677_A_G_b38,0.4287826,-0.008225,0.010394596
rs9367034,chr6_12214093_G_A_b38,0.5476678,0.006596,0.010970323
rs4714276,chr6_12214564_G_A_b38,0.5686701,0.006182,0.010845401
rs146589112,chr6_12215171_C_T_b38,0.9941141,0.000344,0.046631748
rs112432665,chr6_12215288_T_G_b38,0.9895912,0.000608,0.046604802
rs74947544,chr6_12215302_C_T_b38,0.9891257,-0.000635,0.046590678
rs73722731,chr6_12215512_G_C_b38,0.872676602,NA,NA
rs1794852,chr6_12215808_A_G_b38,0.9712567,-0.000339,0.009408256
rs9369150,chr6_12215835_T_G_b38,0.511413,0.007491,0.011408093
rs1794853,chr6_12215890_A_G_b38,0.9365978,0.000749,0.009415855
rs9394639,chr6_12215928_C_A_b38,0.4831405,0.007981,0.011380936
rs3021344,chr6_12216055_A_G_b38,0.9549676,0.000533,0.009438683
rs34696672,chr6_12216226_A_G_b38,0.490402,0.0077,0.011164766
rs78765063,chr6_12216233_G_A_b38,0.396562273,NA,NA
rs12662776,chr6_12216243_T_G_b38,0.8808018,0.001632,0.010883419
rs1794854,chr6_12216270_T_C_b38,0.4167736,0.015501,0.019089162
rs1794855,chr6_12216364_T_G_b38,0.2751867,0.024616,0.022558737
rs1794856,chr6_12216413_G_A_b38,0.937696,0.000736,0.009415858
rs1739346,chr6_12216486_A_G_b38,0.2411153,0.026679,0.022759697
rs10755709,chr6_12216733_A_G_b38,0.4349277,0.007641,0.009786278
rs12208557,chr6_12216887_G_T_b38,0.2434144,0.020444,0.017526008
rs9380916,chr6_12216992_A_G_b38,0.8309799,0.00201,0.009416947
rs9380917,chr6_12217030_A_G_b38,0.841773,0.001879,0.009412596
rs12202543,chr6_12217041_A_T_b38,0.318164413,NA,NA
rs7356945,chr6_12217189_C_T_b38,0.3825469,0.008518,0.009754777
rs4711607,chr6_12217553_G_A_b38,0.248594,0.011716,0.010154527
rs9462590,chr6_12217596_G_A_b38,0.4252279,0.007968,0.009992673
rs4714277,chr6_12217628_A_G_b38,0.4350453,0.007801,0.009993758
rs9471232,chr6_12217704_G_A_b38,0.4231241,0.008006,0.009994843
rs6908010,chr6_12217766_T_G_b38,0.7267818,0.003197,0.009149719
rs115894381,chr6_12217942_C_T_b38,0.396562273,NA,NA
rs62388204,chr6_12217955_C_T_b38,0.5312159,-0.007033,0.011232114
rs10807220,chr6_12218139_C_A_b38,0.3508444,0.009346,0.010017657
rs80347686,chr6_12218153_G_A_b38,0.7610729,-0.010696,0.03517586
rs9471234,chr6_12218609_G_A_b38,0.29896,0.010405,0.010017655
rs4714280,chr6_12218718_G_A_b38,0.2591492,0.011315,0.010027434
rs34152173,chr6_12219147_A_G_b38,0.9704794,0.000354,0.00956575
rs12212581,chr6_12219202_G_T_b38,0.5495106,-0.006723,0.011233202
rs115944961,chr6_12219476_C_T_b38,0.2535816,0.035673,0.0312457
rs12662518,chr6_12219552_C_T_b38,0.4497046,-0.008139,0.010767189
rs6920173,chr6_12219845_T_C_b38,0.2806859,0.010842,0.010050244
rs6920525,chr6_12220072_T_A_b38,0.416334313,NA,NA
rs10456102,chr6_12220661_G_A_b38,0.5319356,-0.00702,0.01123103
rs72828170,chr6_12220693_A_G_b38,0.4492721,-0.008178,0.010808466
rs116769760,chr6_12220760_C_T_b38,0.5112896,0.034298,0.052217392
rs72828172,chr6_12220894_C_T_b38,0.4595174,-0.007996,0.010810639
rs6938133,chr6_12221531_A_G_b38,0.1833721,0.030175,0.022680403
rs6914574,chr6_12221553_G_C_b38,0.003874701,NA,NA
rs12209755,chr6_12222693_G_A_b38,0.5974866,-0.005574,0.010556451
rs115610115,chr6_12223153_C_T_b38,0.3043561,-0.044705,0.043523906
rs557767,chr6_12223194_C_T_b38,0.8901967,-0.001344,0.009735229
rs557768,chr6_12223195_T_C_b38,0.7133701,-0.003525,0.009596178
rs2144221,chr6_12223287_T_C_b38,0.7231159,-0.003311,0.009345252
rs2180030,chr6_12223396_A_G_b38,0.9328312,-0.000786,0.009325693
rs6922296,chr6_12223456_G_A_b38,0.551432,-0.006274,0.010533638
rs6907344,chr6_12223589_A_G_b38,0.5890909,-0.005698,0.010548845
rs17592421,chr6_12223689_G_A_b38,0.9653641,-0.000405,0.009326789
rs72828177,chr6_12223802_C_T_b38,0.4554933,-0.009142,0.012249959
rs9471238,chr6_12224095_C_T_b38,0.5058155,-0.008223,0.012358585
rs2327537,chr6_12224283_G_C_b38,0.67000561,NA,NA
rs2327538,chr6_12224298_T_C_b38,0.702169,-0.003569,0.009333301
rs10947850,chr6_12224483_T_C_b38,0.0023282,0.049282,0.016185524
rs1321167,chr6_12224794_A_G_b38,0.6927252,-0.003689,0.009335471
rs111531590,chr6_12225070_C_CA_b38,0.943098611,NA,NA
rs17592533,chr6_12225468_A_G_b38,0.9347696,-0.000763,0.009322446
rs4714298,chr6_12225601_A_G_b38,0.2961922,0.020428,0.019555177
rs4714300,chr6_12225837_C_T_b38,0.4819094,0.006481,0.009215982
rs6939995,chr6_12226044_G_A_b38,0.5610446,-0.006125,0.010536898
rs35054854,chr6_12226131_T_TAC_b38,0.028398884,NA,NA
rs6458132,chr6_12226185_G_T_b38,0.4840593,0.00645,0.009217069
rs9296319,chr6_12226267_G_A_b38,0.525673,-0.007841,0.012355328
rs6458133,chr6_12226453_C_T_b38,0.1763221,0.030299,0.022407745
rs6458134,chr6_12226568_G_A_b38,0.1785335,0.03025,0.022485957
rs6458135,chr6_12226774_T_A_b38,0.175585105,NA,NA
rs72828183,chr6_12227145_A_G_b38,0.4887207,-0.008591,0.012408553
rs6458136,chr6_12227283_C_T_b38,0.468467,0.006679,0.009212724
rs6926835,chr6_12227312_A_C_b38,0.6166456,-0.005264,0.01051517
rs6458137,chr6_12227475_G_A_b38,0.479598,0.006516,0.009217068
rs9367045,chr6_12228077_C_T_b38,0.9236161,-0.000893,0.009313753
rs7746853,chr6_12228106_G_A_b38,0.0074075,0.039318,0.014682144
rs11751055,chr6_12229015_T_C_b38,0.6007801,-0.005545,0.010596641
rs9471240,chr6_12229090_G_A_b38,0.4812977,0.006513,0.009248571
rs60796579,chr6_12229346_T_TC_b38,0.220817682,NA,NA
rs9369169,chr6_12229514_T_C_b38,0.169894,0.031106,0.022663017
rs1794859,chr6_12229605_A_G_b38,0.9462541,-0.000628,0.009315915
rs80181197,chr6_12229673_A_G_b38,0.955743,-0.000517,0.00931592
rs9380934,chr6_12229705_C_T_b38,0.1852805,0.012624,0.009529918
rs9471242,chr6_12230033_C_G_b38,0.18333549,NA,NA
rs4711617,chr6_12230136_T_A_b38,0.179376084,NA,NA
rs62389469,chr6_12230358_T_C_b38,0.6205818,-0.008664,0.017502112
rs1028715,chr6_12230522_C_T_b38,0.4255445,0.007335,0.009205121
rs76147586,chr6_12230568_G_A_b38,0.2411742,0.035551,0.030332145
rs1028716,chr6_12230571_T_C_b38,0.1085285,0.034697,0.021620191
rs143883526,chr6_12231299_A_G_b38,0.024851115,NA,NA
rs1029326,chr6_12231317_C_T_b38,0.6478655,-0.004814,0.010540156
rs1922942,chr6_12231518_T_C_b38,0.1800756,0.03029,0.022595671
rs6458138,chr6_12231970_A_G_b38,0.000181,0.070416,0.018806901
rs114313524,chr6_12232346_T_A_b38,0.030165908,NA,NA
rs1321053,chr6_12232792_A_G_b38,0.1741246,0.030839,0.022691263
rs72828189,chr6_12233028_T_C_b38,0.4560233,-0.00926,0.012422677
rs10947858,chr6_12233655_C_T_b38,0.6441181,-0.004866,0.010533637
rs484690,chr6_12234365_A_G_b38,0.966374,-0.000393,0.009322423
rs4490660,chr6_12234966_T_C_b38,0.9834867,-0.000193,0.009324649
rs72828192,chr6_12235266_C_T_b38,0.37008366,NA,NA
rs59188071,chr6_12235301_T_C_b38,0.9938599,-7.20E-05,0.009356056
rs565744,chr6_12235803_C_A_b38,0.1483658,-0.019696,0.013627358
NA,chr6_12237071_C_G_b38,0.635831111,NA,NA
rs57835349,chr6_12237098_T_G_b38,0.8871403,-0.001324,0.009328959
rs72828195,chr6_12237437_T_C_b38,0.5302548,-0.007811,0.012445486
rs9357318,chr6_12237761_A_G_b38,0.8970485,-0.001212,0.009366979
rs147867111,chr6_12238128_C_T_b38,0.1918913,0.092752,0.071074079
rs141666866,chr6_12238304_G_A_b38,0.355977481,NA,NA
rs553182,chr6_12238694_A_G_b38,0.8714038,-0.001514,0.00935286
rs10807227,chr6_12239778_G_A_b38,0.6043863,-0.005435,0.010490188
rs7766303,chr6_12240412_A_C_b38,0.6352698,-0.004934,0.010402201
rs7749495,chr6_12240572_G_A_b38,0.5813839,-0.005736,0.010403283
rs507752,chr6_12241110_A_G_b38,0.9376314,0.000736,0.009406085
rs72828196,chr6_12241196_C_T_b38,0.7295191,-0.004245,0.012277114
rs9394667,chr6_12241231_T_C_b38,0.9372085,0.000741,0.009406074
rs190934149,chr6_12241396_C_G_b38,0.231112799,NA,NA
rs9394671,chr6_12241440_G_A_b38,0.9924697,8.90E-05,0.009429992
rs9380938,chr6_12241592_G_A_b38,0.6377171,-0.004662,0.009900337
rs80022377,chr6_12241763_C_T_b38,0.2072675,0.079876,0.063337616
rs10947862,chr6_12242164_A_T_b38,0.681727205,NA,NA
rs28514706,chr6_12242309_G_T_b38,0.7348614,-0.004156,0.01227168
rs397952798,chr6_12242376_T_TGACC_b38,0.979240642,NA,NA
rs28537410,chr6_12242591_G_A_b38,0.7271077,-0.004281,0.012267336
rs3927457,chr6_12244476_T_C_b38,0.7080292,-0.004584,0.012240182
rs10456479,chr6_12244614_G_T_b38,0.5454299,-0.006294,0.010409802
rs9471283,chr6_12244741_G_A_b38,0.5884926,-0.005619,0.010385904
rs11760128,chr6_12245050_A_C_b38,0.7176335,-0.003755,0.010383731
rs9349146,chr6_12245183_A_G_b38,0.9164574,-0.000982,0.009361548
rs9394678,chr6_12245442_A_G_b38,0.954895,-0.000533,0.009423475
rs10623223,chr6_12246025_G_GAGA_b38,0.262376602,NA,NA
rs56817583,chr6_12246700_T_TAAA_b38,0.791126474,NA,NA
rs72307755,chr6_12246701_T_TTCTCAGTAAATTGTTCACAG_b38,0.791126474,NA,NA
rs6910447,chr6_12246976_A_G_b38,0.2649559,-0.015529,0.01393043
rs10456105,chr6_12247377_G_A_b38,0.6567304,-0.004625,0.010406545
rs72828198,chr6_12247883_G_A_b38,0.2020988,-0.047974,0.037609121
rs77471591,chr6_12247940_G_A_b38,0.8812616,-0.005342,0.035763515
rs557421,chr6_12248572_T_C_b38,0.8119347,-0.002261,0.00950276
rs34341285,chr6_12248652_CA_C_b38,0.581270073,NA,NA
rs72828199,chr6_12248946_T_A_b38,0.767062391,NA,NA
rs1998527,chr6_12249211_A_G_b38,0.7957668,-0.002461,0.00950819
rs79707908,chr6_12249309_A_G_b38,0.850636,-0.006729,0.0357342
rs141310835,chr6_12249925_G_A_b38,0.359232,0.042107,0.045926752
rs500843,chr6_12250689_T_C_b38,0.6911767,-0.003788,0.009535348
rs72828200,chr6_12250898_G_A_b38,0.1968742,-0.048626,0.037679724
rs511319,chr6_12250955_G_C_b38,0.941603003,NA,NA
rs542300,chr6_12252004_G_A_b38,0.5649509,-0.005487,0.009534262
rs542483,chr6_12252074_G_A_b38,0.8110544,-0.002244,0.009386529
rs544134,chr6_12252224_T_C_b38,0.5907482,-0.005137,0.009552729
rs9380949,chr6_12252788_G_A_b38,0.8386694,-0.001923,0.009445186
rs10755713,chr6_12252863_A_T_b38,0.955147399,NA,NA
rs12216179,chr6_12253704_C_A_b38,0.7736599,-0.00304,0.01057057
rs74472358,chr6_12253855_C_A_b38,0.7545894,-0.011627,0.037195251
rs61659422,chr6_12253987_C_T_b38,0.395948,-0.010301,0.012134811
rs9349152,chr6_12254608_A_G_b38,0.7795916,-0.002594,0.009269209
rs193093032,chr6_12254617_G_A_b38,0.98716664,NA,NA
rs4714340,chr6_12255057_T_C_b38,0.7419981,-0.003049,0.009261608
rs4714341,chr6_12255420_A_C_b38,0.7722348,-0.002683,0.009269211
rs12201479,chr6_12255901_T_C_b38,0.8376641,-0.002129,0.010391333
rs1739344,chr6_12256083_C_T_b38,0.9853664,-0.000173,0.009432148
rs397819795,chr6_12257040_A_AAG_b38,0.941047996,NA,NA
rs11297420,chr6_12257666_CA_C_b38,0.692438745,NA,NA
rs72830003,chr6_12257880_C_T_b38,0.5150994,-0.024735,0.038000178
rs7744944,chr6_12258061_T_C_b38,0.6912668,-0.004814,0.012121776
rs74575147,chr6_12258333_C_T_b38,0.7408175,-0.01238,0.03742771
rs9471336,chr6_12258475_A_T_b38,0.880439897,NA,NA
rs1739343,chr6_12258537_T_G_b38,0.6685823,-0.003996,0.009334387
rs17593571,chr6_12259210_A_C_b38,0.9918073,-9.80E-05,0.009544023
rs150337749,chr6_12259258_A_G_b38,0.570295,0.031242,0.055040623
rs2032547,chr6_12259680_C_T_b38,0.1288321,-0.024032,0.015823815
rs2032548,chr6_12260008_C_G_b38,0.740525809,NA,NA
rs9367057,chr6_12260237_A_G_b38,0.692419,0.00412,0.010415234
NA,chr6_12260690_C_G_b38,0.209696604,NA,NA
rs6458155,chr6_12261688_T_C_b38,0.3882121,0.008657,0.010032864
rs9394696,chr6_12262281_C_T_b38,0.4265485,0.008245,0.010369611
rs150867108,chr6_12262732_C_T_b38,0.2375062,0.029478,0.024955067
rs1852977,chr6_12262829_G_T_b38,0.95719,-0.001273,0.02371454
rs13192093,chr6_12263460_A_G_b38,0.5327647,0.006398,0.010256637
rs4145451,chr6_12264392_A_C_b38,0.4406202,0.007999,0.010372869
rs9462623,chr6_12264555_A_G_b38,0.4142027,-0.036269,0.044418989
rs1321054,chr6_12264644_A_G_b38,0.4248047,0.008303,0.010403284
rs1321055,chr6_12264766_T_A_b38,0.306544577,NA,NA
rs6939181,chr6_12265794_C_A_b38,0.7188676,0.003723,0.010342453
rs2016100,chr6_12266381_G_T_b38,0.8430765,0.005339,0.026970119
rs72830006,chr6_12266398_G_A_b38,0.901402252,NA,NA
rs12212180,chr6_12266565_T_C_b38,0.130697,0.059205,0.039173351
rs77660135,chr6_12267317_T_C_b38,0.1484329,-0.10981,0.0759884
rs10947891,chr6_12267675_C_G_b38,0.540399986,NA,NA
rs9369209,chr6_12267771_G_C_b38,0.628153698,NA,NA
rs9369210,chr6_12267848_G_A_b38,0.6812977,0.004302,0.010474979
rs2092760,chr6_12268055_T_A_b38,0.44650159,NA,NA
rs2327539,chr6_12268926_T_C_b38,0.4345261,0.008365,0.010704186
rs2876268,chr6_12268987_T_A_b38,0.412488506,NA,NA
rs220016,chr6_12269140_A_T_b38,0.100230499,NA,NA
rs12216450,chr6_12269288_T_C_b38,0.6852965,0.004274,0.010546674
rs397933276,chr6_12269416_G_GA_b38,0.444787595,NA,NA
rs1575055,chr6_12269700_C_T_b38,0.4047541,0.009007,0.01081064
rs12195890,chr6_12270004_G_C_b38,0.735121794,NA,NA
rs4714350,chr6_12270057_A_T_b38,0.375966611,NA,NA
rs114965075,chr6_12271036_C_T_b38,0.4965543,-0.031539,0.046386253
rs2327542,chr6_12271231_C_T_b38,0.6108777,0.005525,0.010858435
rs77331500,chr6_12271827_G_A_b38,0.9898431,0.000315,0.024744445
rs115321374,chr6_12272237_G_A_b38,0.5301907,-0.030567,0.048695671
rs521824,chr6_12273307_C_T_b38,0.4875869,0.006809,0.009809091
rs148464215,chr6_12273914_C_T_b38,0.595607928,NA,NA
rs9349158,chr6_12274755_A_C_b38,0.840566,-0.00247,0.0122782
rs4714351,chr6_12276625_C_T_b38,0.0174518,0.041482,0.017451055
rs77930781,chr6_12277054_T_C_b38,0.119644,-0.044916,0.028861322
rs115061992,chr6_12277365_G_A_b38,0.1073451,-0.046374,0.028799404
rs6931867,chr6_12277389_C_T_b38,0.7966982,-0.002979,0.011563428
rs72830012,chr6_12278404_C_T_b38,0.1122433,-0.045682,0.028763555
rs75335602,chr6_12278460_G_A_b38,0.4163782,-0.026404,0.032488405
rs72830013,chr6_12278578_A_G_b38,0.1114924,-0.0457,0.028714672
rs72830014,chr6_12278595_G_T_b38,0.1133755,-0.045468,0.02871902
rs4714352,chr6_12278723_C_T_b38,0.031321,0.022412,0.010409803
rs9369212,chr6_12278829_G_A_b38,0.8748851,-0.001831,0.011628609
rs151274402,chr6_12278892_G_A_b38,0.0403253,0.066151,0.032262466
rs10807242,chr6_12279453_G_C_b38,0.024560906,NA,NA
rs6938692,chr6_12280638_T_C_b38,0.8280817,-0.002501,0.011516721
rs6911984,chr6_12280731_C_T_b38,0.4342646,-0.008656,0.011070259
rs116233065,chr6_12280941_G_C_b38,0.164997585,NA,NA
rs148713958,chr6_12281507_T_TGGGGAAAGGCAGAGAGAGGCTAAGTGC_b38,0.86343702,NA,NA
rs200344414,chr6_12281877_TC_T_b38,0.215678904,NA,NA
rs140974097,chr6_12282922_T_TA_b38,0.092535441,NA,NA
rs72830018,chr6_12283220_G_C_b38,0.107812693,NA,NA
rs9369217,chr6_12283529_C_T_b38,0.8360925,-0.002376,0.011484131
rs9357336,chr6_12283806_G_A_b38,0.8092489,-0.002773,0.011487391
rs9380973,chr6_12284156_C_T_b38,0.8321008,-0.002452,0.011565602
rs146881427,chr6_12284179_G_A_b38,0.6624265,-0.029556,0.067701183
rs140699016,chr6_12284217_A_G_b38,0.803966056,NA,NA
rs139779819,chr6_12285304_G_A_b38,0.26382312,NA,NA
rs1014505,chr6_12285881_C_G_b38,0.015649199,NA,NA
rs75271097,chr6_12286102_A_G_b38,0.740626,0.017209,0.051987094
rs74708211,chr6_12286361_T_C_b38,0.5538135,-0.018723,0.031623731
rs13198076,chr6_12286389_G_A_b38,0.079078,0.064205,0.036561943
rs9380978,chr6_12286605_A_G_b38,0.5266621,-0.007193,0.011361383
rs9380979,chr6_12286769_A_G_b38,0.5209795,-0.007304,0.011379849
rs143737458,chr6_12286781_GT_G_b38,0.091202939,NA,NA
rs185611622,chr6_12286786_A_G_b38,0.0820957,-0.047056,0.02706462
rs9471406,chr6_12286924_G_A_b38,0.5283947,-0.00718,0.011388539
rs113413253,chr6_12287259_A_AT_b38,0.928320442,NA,NA
rs144160017,chr6_12287814_G_GC_b38,0.102997605,NA,NA
rs2859337,chr6_12288189_A_G_b38,0.0398549,0.025141,0.012232577
rs3756865,chr6_12288193_T_G_b38,0.7550935,-0.003567,0.011435247
rs375405214,chr6_12288509_GGAGGCCAGGGGCCCCGGCA_G_b38,0.105992043,NA,NA
rs3756863,chr6_12288797_A_G_b38,0.2689872,-0.012171,0.011010514
rs1800784,chr6_12288958_T_A_b38,0.118926702,NA,NA
rs1800785,chr6_12288960_G_A_b38,0.113313,-0.044922,0.028369232
rs1800541,chr6_12288986_T_G_b38,0.6162121,-0.005736,0.011443941
rs3087459,chr6_12289406_A_C_b38,0.7501795,-0.003659,0.011491738
rs397751713,chr6_12290495_TA_T_b38,0.100866364,NA,NA
rs2070698,chr6_12290879_T_C_b38,0.0809275,0.017304,0.00991446
rs10478698,chr6_12290944_T_G_b38,0.2945451,0.03047,0.029068797
rs2327543,chr6_12290955_G_A_b38,0.4451284,0.019141,0.025068041
NA,chr6_12291232_CA_C_b38,0.95121099,NA,NA
rs2248580,chr6_12291749_C_A_b38,0.0084199,0.025876,0.009821042
rs146039906,chr6_12292021_AC_A_b38,0.545076055,NA,NA
rs111527533,chr6_12292161_T_TGAAC_b38,0.281158974,NA,NA
rs1800542,chr6_12292295_G_A_b38,0.0539503,-0.047506,0.024649817
rs2070699,chr6_12292539_G_T_b38,0.026887,0.021459,0.009696115
rs10478713,chr6_12292756_G_A_b38,0.009741,-0.095935,0.037113763
rs1476046,chr6_12292988_G_A_b38,0.5384305,0.006549,0.010645524
rs9296343,chr6_12293300_C_G_b38,0.111104191,NA,NA
rs10478717,chr6_12293471_C_T_b38,0.3555303,-0.01521,0.016462544
rs10478718,chr6_12293555_C_T_b38,0.5677664,-0.018001,0.031506405
rs10478720,chr6_12293750_C_T_b38,0.7019915,-0.014021,0.036643416
rs1800543,chr6_12293904_T_C_b38,0.5485865,0.006373,0.010623799
rs5369,chr6_12294025_A_G_b38,0.0230905,0.037234,0.01638868
rs1794849,chr6_12294629_T_C_b38,0.0009924,0.037767,0.011470014
rs2071942,chr6_12294760_G_A_b38,0.5868751,0.005788,0.010652043
rs10478723,chr6_12295228_G_A_b38,0.0463393,-0.048311,0.024248985
rs1626492,chr6_12295270_A_G_b38,0.0012666,0.036959,0.011465695
rs6912834,chr6_12295302_A_G_b38,0.3033891,-0.016904,0.016424522
rs2071943,chr6_12295581_G_A_b38,0.6426266,0.00496,0.010688975
rs1629862,chr6_12295643_A_G_b38,0.0221372,0.037562,0.016416918
rs1630736,chr6_12295754_C_T_b38,0.017882,0.023213,0.00980257
rs6413477,chr6_12295917_A_AT_b38,0.078734134,NA,NA
rs5370,chr6_12296022_G_T_b38,0.7004898,0.00413,0.010736772
rs9296344,chr6_12296795_T_C_b38,0.0306593,-0.043733,0.020233019
rs4714383,chr6_12297249_C_T_b38,0.3626045,0.008691,0.009546212
rs4714384,chr6_12297620_T_C_b38,0.3847398,0.008408,0.009673305
rs9296345,chr6_12298100_C_T_b38,0.5980265,0.007859,0.014905907
rs2859338,chr6_12298751_G_A_b38,0.1453593,0.014753,0.010131716
rs75477886,chr6_12299455_T_C_b38,0.701457,-0.007168,0.018698102
NA,chr6_12299660_C_G_b38,0.509440605,NA,NA
rs74708265,chr6_12300835_G_A_b38,0.719951327,NA,NA
rs16872592,chr6_12301088_G_A_b38,0.5135338,0.009892,0.015140543
rs7356986,chr6_12301229_G_A_b38,0.5818532,0.008203,0.014896134
rs11752276,chr6_12301404_T_C_b38,0.1588614,0.017279,0.012264079
rs6906760,chr6_12301439_A_T_b38,0.591448989,NA,NA
rs9471434,chr6_12301734_C_T_b38,0.316132,-0.026315,0.026250995
rs6899673,chr6_12302191_G_A_b38,0.5870605,0.008096,0.014906997
rs115451351,chr6_12302264_C_T_b38,0.7329195,-0.015286,0.044794855
rs11755836,chr6_12302337_C_A_b38,0.1688046,0.017033,0.012378139
rs16872601,chr6_12302666_G_T_b38,0.4946807,0.010314,0.015103609
rs9471435,chr6_12303296_T_A_b38,0.582500609,NA,NA
rs9394741,chr6_12303719_T_C_b38,0.4010142,0.007934,0.009447361
rs74428111,chr6_12303815_A_C_b38,0.7187034,-0.006722,0.018662258
rs75321913,chr6_12303937_T_C_b38,0.4470316,0.011396,0.014987379
rs9462653,chr6_12304175_C_T_b38,0.3818106,-0.022905,0.026190161
rs16872602,chr6_12304597_A_C_b38,0.4717337,0.009879,0.013727296
rs147093869,chr6_12305683_A_G_b38,0.1746066,0.0854,0.062907453
rs17594577,chr6_12306000_G_A_b38,0.8346374,-0.004849,0.023227886
rs113886202,chr6_12306211_C_T_b38,0.494113,0.010335,0.015114472
rs73367528,chr6_12306535_C_T_b38,0.6721212,0.005512,0.013023388
rs187789898,chr6_12306633_A_G_b38,0.63420364,NA,NA
rs145963916,chr6_12306842_G_A_b38,0.9112638,0.003829,0.034357881
rs9471438,chr6_12307032_T_C_b38,0.3710691,0.00843,0.009424548
rs151222487,chr6_12307235_G_A_b38,0.3887777,0.038207,0.044332093
rs74482392,chr6_12307374_A_T_b38,0.862345001,NA,NA
rs16872608,chr6_12307789_T_C_b38,0.201453,0.015758,0.012335774
rs147072993,chr6_12307844_C_G_b38,0.601212402,NA,NA
rs16872612,chr6_12307850_G_C_b38,0.968073201,NA,NA
rs16872616,chr6_12307910_T_C_b38,0.9714621,0.000404,0.011292934
rs78080560,chr6_12307923_T_C_b38,0.5143359,0.009859,0.01511882
rs111404741,chr6_12308215_C_T_b38,0.6694033,0.006548,0.015336077
rs143321432,chr6_12308216_G_A_b38,0.555313538,NA,NA
rs9471440,chr6_12308266_T_C_b38,0.9156544,-0.001192,0.011254925
rs9471441,chr6_12308350_T_A_b38,0.9564189,NA,NA
rs76069127,chr6_12308553_G_A_b38,0.6990945,-0.00732,0.018937086
rs796065785,chr6_12308555_AC_A_b38,0.027119517,NA,NA
rs112555306,chr6_12308946_A_G_b38,0.542859,0.009207,0.015130765
rs2032549,chr6_12309581_A_G_b38,0.1519797,0.017633,0.012308617
rs148487431,chr6_12310197_A_G_b38,0.555313538,NA,NA
rs9462656,chr6_12310561_A_G_b38,0.8656267,-0.001899,0.01122234
rs73367535,chr6_12310719_C_T_b38,0.7057256,-0.008734,0.023130119
rs9369245,chr6_12311921_G_C_b38,0.219699895,NA,NA
rs111880110,chr6_12312285_G_A_b38,0.3914345,-0.034844,0.040657219
rs73722765,chr6_12312890_G_C_b38,0.726051608,NA,NA
rs16872628,chr6_12313163_C_T_b38,0.5849254,0.008255,0.015113388
rs77116338,chr6_12313403_G_A_b38,0.2980969,0.042567,0.040909228
rs73722766,chr6_12314984_G_A_b38,0.9392129,0.000921,0.012077234
rs10947935,chr6_12315325_C_G_b38,0.198709619,NA,NA
rs9381013,chr6_12315388_G_T_b38,0.1988781,0.015988,0.012444401
rs9381015,chr6_12315678_T_C_b38,0.3914896,0.008104,0.009457135
rs9369246,chr6_12315752_C_G_b38,0.192146812,NA,NA
rs4714414,chr6_12315915_G_A_b38,0.1984967,0.015996,0.012440056
rs4711654,chr6_12316104_T_C_b38,0.3150752,0.009717,0.00967222
rs6458193,chr6_12317498_G_A_b38,0.4484683,0.007174,0.009464741
rs6921790,chr6_12317600_C_T_b38,0.4394142,0.007428,0.009607042
rs114817150,chr6_12317840_T_C_b38,0.0100528,-0.097933,0.038046894
rs11753558,chr6_12318412_C_A_b38,0.3550667,0.008742,0.009452791
rs11757019,chr6_12318755_T_C_b38,0.131091,0.018669,0.012365103
rs146598755,chr6_12319103_A_C_b38,0.555313538,NA,NA
rs17765653,chr6_12319295_T_C_b38,0.3331005,0.009308,0.009616819
rs16872650,chr6_12319451_G_T_b38,0.5683559,0.008628,0.015124252
rs145582526,chr6_12319989_G_GA_b38,0.52322921,NA,NA
rs12200712,chr6_12320044_C_T_b38,0.4820746,0.043295,0.061588712
NA,chr6_12320095_A_T_b38,0.864229703,NA,NA
rs4711655,chr6_12320161_T_C_b38,0.3935454,0.008194,0.009603783
rs4714418,chr6_12320330_C_G_b38,0.346815909,NA,NA
rs4714419,chr6_12320367_C_T_b38,0.1886988,0.016573,0.012608429
rs111974449,chr6_12320368_G_A_b38,0.6329898,0.007245,0.015172046
rs56058129,chr6_12320554_A_G_b38,0.8198043,-0.002742,0.012037049
rs34081620,chr6_12321719_AG_A_b38,0.15526619,NA,NA
rs62389538,chr6_12321895_G_A_b38,0.175571,0.016865,0.012450919
rs142521523,chr6_12322512_A_G_b38,0.5549001,0.033998,0.057581429
rs9357344,chr6_12323062_G_A_b38,0.1764472,0.016847,0.01246287
rs16872653,chr6_12324251_A_G_b38,0.6312723,0.007303,0.015216586
rs16872657,chr6_12325529_A_G_b38,0.7848134,0.003115,0.011408092
rs116544015,chr6_12325549_G_T_b38,0.5665498,-0.026249,0.045798572
rs9381033,chr6_12325958_G_A_b38,0.2242026,0.011509,0.009469086
rs9381035,chr6_12326487_A_G_b38,0.2877006,0.010035,0.009438671
rs9369261,chr6_12326760_G_A_b38,0.9514173,0.000603,0.00989708
rs16872662,chr6_12326887_G_C_b38,0.958479801,NA,NA
rs10947946,chr6_12327000_C_T_b38,0.156997,0.017638,0.01246287
rs147801052,chr6_12327430_C_T_b38,0.565399,-0.017187,0.029898714
rs73722768,chr6_12327646_C_T_b38,0.624535,-0.0089,0.018184298
rs7750360,chr6_12328963_G_A_b38,0.2889747,0.039624,0.037367964
rs4379286,chr6_12329060_C_T_b38,0.1902208,-0.012354,0.009431066
rs10947948,chr6_12329496_A_T_b38,0.181465292,NA,NA
rs12055484,chr6_12329586_G_A_b38,0.2147948,-0.011687,0.009421289
NA,chr6_12330032_A_AG_b38,0.888369752,NA,NA
rs10947949,chr6_12330205_C_T_b38,0.320238,-0.00948,0.009537522
rs144220634,chr6_12330243_C_T_b38,0.6549775,0.01905,0.042630979
rs13208829,chr6_12330980_G_C_b38,0.28108778,NA,NA
rs73722769,chr6_12331552_C_T_b38,0.4863153,-0.024637,0.03538877
rs4714429,chr6_12331575_A_C_b38,0.1946944,0.014859,0.01145806
rs16872679,chr6_12331591_G_A_b38,0.6483091,0.006009,0.013174382
rs73367561,chr6_12331743_T_G_b38,0.7801551,0.003659,0.013109201
rs9369262,chr6_12331938_C_A_b38,0.2148118,-0.011696,0.009428894
rs6927883,chr6_12332450_T_C_b38,0.7127134,-0.004751,0.01290281
rs397723957,chr6_12333176_T_TA_b38,0.83938642,NA,NA
rs9357346,chr6_12333438_T_C_b38,0.2516735,-0.010817,0.009436496
rs112903581,chr6_12333579_C_T_b38,0.1705396,-0.042077,0.030702559
rs78385009,chr6_12333742_C_T_b38,0.1797629,-0.040916,0.030500519
rs9471486,chr6_12334703_C_T_b38,0.6247471,0.006435,0.013155914
NA,chr6_12335309_T_A_b38,0.115127907,NA,NA
rs62389540,chr6_12335377_C_T_b38,0.2949788,0.025279,0.024138182
rs7760229,chr6_12336384_G_A_b38,0.653882,0.005891,0.013138533
rs146515560,chr6_12337020_T_C_b38,0.5305845,-0.024543,0.039136425
rs9471496,chr6_12337090_T_C_b38,0.6547767,0.005882,0.013154828
rs12524919,chr6_12337634_A_G_b38,0.1740008,0.015785,0.011611226
rs12530046,chr6_12337927_C_T_b38,0.1716605,0.015797,0.011556911
rs7757766,chr6_12338329_T_G_b38,0.1596287,-0.04361,0.031009981
rs35198442,chr6_12338623_C_T_b38,0.1225723,0.017744,0.011491735
rs17765682,chr6_12339008_C_T_b38,0.3941969,0.009298,0.010912749
rs73367571,chr6_12339193_C_T_b38,0.1106562,-0.043868,0.027499128
rs12110345,chr6_12339490_C_T_b38,0.6320655,0.006239,0.013029903
rs73367572,chr6_12339508_C_T_b38,0.4336269,-0.036858,0.047072776
rs9471507,chr6_12339548_C_T_b38,0.3252712,-0.034806,0.035383335
rs9471509,chr6_12339630_G_A_b38,0.3625861,-0.034076,0.037427713
rs6932390,chr6_12339802_T_G_b38,0.331609,0.009187,0.009462568
rs9471512,chr6_12339829_A_G_b38,0.3610937,-0.031563,0.034559932
rs9471514,chr6_12340585_G_A_b38,0.3696069,-0.033946,0.037835069
rs116776126,chr6_12340819_C_T_b38,0.5051505,-0.032137,0.048224228
rs72830033,chr6_12340835_C_A_b38,0.9033679,0.007928,0.065300486
rs57906680,chr6_12341113_G_A_b38,0.3637398,0.010106,0.011126745
rs9471517,chr6_12341521_T_C_b38,0.9370978,-0.000973,0.012329245
rs17677387,chr6_12341722_G_A_b38,0.2844651,0.02144,0.020030968
rs9462681,chr6_12342189_T_A_b38,0.456036817,NA,NA
rs9462684,chr6_12342265_A_G_b38,0.4024996,0.007899,0.009435411
rs80094284,chr6_12342403_G_A_b38,0.72348,0.018856,0.053293883
rs1317584,chr6_12342557_G_A_b38,0.3124743,0.01077,0.010662903
rs77239935,chr6_12343244_C_T_b38,0.7368416,0.017934,0.053368837
rs10947954,chr6_12343729_T_G_b38,0.3644174,0.009874,0.010886679
rs10807258,chr6_12344030_C_T_b38,0.4609928,0.006851,0.009293107
rs2184329,chr6_12344430_T_C_b38,0.4750909,0.00668,0.009352855
rs16872704,chr6_12345461_A_G_b38,0.951589,-0.000754,0.0124194
rs2327544,chr6_12345737_G_A_b38,0.5278099,0.005859,0.009280073
NA,chr6_12346441_G_T_b38,0.968388866,NA,NA
rs2095344,chr6_12346519_A_G_b38,0.5363482,0.005745,0.009290936
rs2095345,chr6_12346638_A_G_b38,0.5231351,0.005938,0.009299627
rs145203222,chr6_12347115_G_A_b38,0.9548317,0.003676,0.064900742
rs9471538,chr6_12347350_C_T_b38,0.7151166,0.003428,0.00939196
rs113230873,chr6_12347351_G_C_b38,0.741663726,NA,NA
rs1360722,chr6_12348717_C_T_b38,0.2798877,0.010036,0.009287677
rs75156868,chr6_12349102_C_T_b38,0.3524565,-0.036147,0.038874638
rs6899475,chr6_12349505_C_T_b38,0.1694487,0.012773,0.009296368
rs78424969,chr6_12349794_A_G_b38,0.0273863,-0.09312,0.042212777
rs60206997,chr6_12350682_G_A_b38,0.3433432,0.010737,0.011330967
rs115062655,chr6_12351284_G_C_b38,0.880356397,NA,NA
rs114113352,chr6_12351606_C_T_b38,0.3908293,-0.035212,0.041034155
rs2095342,chr6_12351769_T_C_b38,0.3469754,0.010493,0.011157161
rs9462706,chr6_12351878_C_T_b38,0.2801015,-0.042197,0.039067992
rs28817281,chr6_12352075_G_T_b38,0.1064622,0.018616,0.011531928
rs2876269,chr6_12352237_T_C_b38,0.8004876,0.002659,0.010521688
rs2151827,chr6_12352901_G_A_b38,0.3064645,0.009476,0.009265953
rs62390105,chr6_12352937_T_G_b38,0.3160783,0.009307,0.009283333
rs2327545,chr6_12353165_G_A_b38,0.3950202,0.009474,0.011138695
rs59532695,chr6_12353183_CATGT_C_b38,0.40299168,NA,NA
rs397802339,chr6_12353767_C_CCAGG_b38,0.713036542,NA,NA
rs9471587,chr6_12353926_C_A_b38,0.2696469,-0.043149,0.039088625
rs2050288,chr6_12354155_T_C_b38,0.8583303,-0.001882,0.010543416
rs1034234,chr6_12354387_C_T_b38,0.3334334,0.008999,0.009303972
rs12332935,chr6_12354449_T_C_b38,0.3475825,0.010741,0.011435248
rs12333326,chr6_12354492_C_T_b38,0.3347884,0.011217,0.011629694
rs17615558,chr6_12354942_T_G_b38,0.3224485,0.018118,0.018311391
rs1889393,chr6_12355614_C_G_b38,0.320533191,NA,NA
rs77853282,chr6_12355723_C_G_b38,0.33291091,NA,NA
rs11756487,chr6_12355835_G_A_b38,0.3252661,0.011221,0.011407005
rs971054,chr6_12356235_A_G_b38,0.919061,0.00113,0.01112023
rs4714456,chr6_12356771_G_A_b38,0.5359991,0.006599,0.010662906
rs77413827,chr6_12356855_C_T_b38,0.6044474,0.008924,0.017227282
rs67338525,chr6_12356918_G_A_b38,0.8179245,0.002412,0.010477151
rs75485334,chr6_12357013_A_T_b38,0.407208009,NA,NA
rs75168900,chr6_12357014_G_A_b38,0.407208009,NA,NA
rs74939665,chr6_12357362_C_T_b38,0.9717737,0.001782,0.050362027
rs34589713,chr6_12357500_G_A_b38,0.3083132,-0.030949,0.030378855
rs59448707,chr6_12357834_C_A_b38,0.1995707,0.016766,0.013070095
rs12527545,chr6_12358245_T_C_b38,0.143516,0.021355,0.014598492
rs1334303,chr6_12358295_G_A_b38,0.6678689,0.008578,0.019991859
rs16872713,chr6_12358617_C_T_b38,0.2057422,0.012511,0.009887302
rs6925906,chr6_12359070_G_A_b38,0.9091883,0.001681,0.014737543
rs76727162,chr6_12359234_T_C_b38,0.5743622,0.011385,0.020271039
rs148938262,chr6_12359304_CT_C_b38,0.632992018,NA,NA
rs6926651,chr6_12359485_G_A_b38,0.2013139,0.01263,0.009884043
rs11757028,chr6_12359869_A_T_b38,0.339631,NA,NA
rs79507696,chr6_12359885_A_T_b38,0.664728894,NA,NA
rs62390106,chr6_12360043_C_T_b38,0.3314033,0.018347,0.018889289
rs59325912,chr6_12360142_G_A_b38,0.2076389,0.017392,0.01380225
rs78975191,chr6_12360886_A_C_b38,0.5281852,0.012816,0.020317743
rs62390108,chr6_12361187_T_C_b38,0.1478227,0.021065,0.01455504
rs375015436,chr6_12361465_AT_A_b38,0.476338689,NA,NA
rs530525952,chr6_12361468_T_C_b38,0.476338689,NA,NA
rs1931549,chr6_12361477_C_T_b38,0.1239079,0.01556,0.010113249
rs74772044,chr6_12361615_C_T_b38,0.6091797,0.010409,0.020360113
rs78328908,chr6_12361938_A_G_b38,0.8867865,0.002103,0.014771205
rs1931550,chr6_12361987_G_A_b38,0.1342621,0.014899,0.009949221
rs73369209,chr6_12362121_G_A_b38,0.3014387,-0.020726,0.020057036
rs73369211,chr6_12362317_G_C_b38,0.980027299,NA,NA
rs1931551,chr6_12362378_A_T_b38,0.41863799,NA,NA
rs72830043,chr6_12364467_G_A_b38,0.0854352,0.028831,0.016762358
rs62390110,chr6_12364763_A_G_b38,0.9320253,-0.002777,0.032556841
rs4711675,chr6_12364897_C_A_b38,0.1568108,-0.030507,0.021546325
rs74602228,chr6_12365072_C_T_b38,0.5461284,0.027785,0.046034293
rs12209898,chr6_12366027_T_C_b38,0.5454675,-0.007664,0.012676865
rs9381071,chr6_12366198_A_G_b38,0.614086,0.00632,0.012533476
rs10080709,chr6_12366511_C_T_b38,0.8165133,-0.00298,0.012843066
rs4714469,chr6_12366587_C_T_b38,0.6986364,0.00427,0.011028979
rs77281910,chr6_12367226_G_A_b38,0.9439585,-0.004739,0.067415456
rs9381072,chr6_12367285_C_T_b38,0.5180445,0.007352,0.011374419
rs77501461,chr6_12367348_A_G_b38,0.822713643,NA,NA
rs67560103,chr6_12367517_C_A_b38,0.5229504,0.008912,0.013951069
rs397708296,chr6_12367814_G_GT_b38,0.872549163,NA,NA
rs9462715,chr6_12367989_A_C_b38,0.5347273,-0.012989,0.020922801
rs9394804,chr6_12368319_T_C_b38,0.5686693,0.008782,0.015406683
rs9381073,chr6_12368453_T_C_b38,0.1911497,-0.015489,0.011849121
rs6934829,chr6_12368916_A_G_b38,0.5316917,-0.00673,0.010760671
rs13199487,chr6_12369288_G_T_b38,0.0451778,0.045135,0.022533753
rs7753710,chr6_12369573_G_A_b38,0.3879299,0.03185,0.036890002
NA,chr6_12369902_G_C_b38,0.79310899,NA,NA
rs9296364,chr6_12370367_T_C_b38,0.1877361,-0.012322,0.00935394
rs7759140,chr6_12370566_G_T_b38,0.505614,0.025385,0.038133788
rs6903664,chr6_12370723_A_C_b38,0.2872241,0.009964,0.00936263
rs70987070,chr6_12370732_CT_C_b38,0.031360113,NA,NA
rs71553205,chr6_12370986_T_A_b38,0.021652595,NA,NA
rs6458226,chr6_12371623_T_C_b38,0.1889946,-0.012247,0.009323524
rs72830049,chr6_12371939_G_A_b38,0.1518155,-0.06185,0.043156739
rs16872733,chr6_12372057_A_G_b38,0.4919401,0.012116,0.01763029
rs67730698,chr6_12372650_G_A_b38,0.8140756,0.008431,0.035850428
rs71553207,chr6_12372878_G_A_b38,0.0209585,0.054284,0.02351248
rs111713484,chr6_12373526_AC_A_b38,0.031360113,NA,NA
rs6458227,chr6_12373724_C_A_b38,0.4313905,0.029482,0.037470079
rs9381081,chr6_12374281_C_T_b38,0.7331236,0.003185,0.009340904
rs13202892,chr6_12374901_C_T_b38,0.0211088,0.054183,0.023496196
NA,chr6_12375793_C_G_b38,0.6011956,NA,NA
NA,chr6_12375901_G_C_b38,0.550654391,NA,NA
rs6458229,chr6_12376027_T_C_b38,0.5050504,-0.006277,0.009416944
rs76919297,chr6_12376096_C_T_b38,0.3018963,-0.057519,0.055715202
rs34145943,chr6_12376137_C_A_b38,0.021661,0.053891,0.023469029
rs13362601,chr6_12376167_T_A_b38,0.038731601,NA,NA
rs796745576,chr6_12376251_AT_A_b38,0.302863625,NA,NA
rs4714488,chr6_12376426_A_C_b38,0.2155467,0.011384,0.009192085
rs4714490,chr6_12376596_A_G_b38,0.2964216,0.009591,0.009185569
rs4714491,chr6_12376745_A_G_b38,0.2930531,0.009657,0.009184481
rs148007795,chr6_12376913_GC_G_b38,0.031360113,NA,NA
rs148545586,chr6_12377003_GCA_G_b38,0.545834688,NA,NA
rs186238015,chr6_12377007_T_G_b38,0.9273387,0.004001,0.043873656
rs9462724,chr6_12377161_T_C_b38,0.4958234,0.012231,0.017958349
NA,chr6_12377399_C_G_b38,0.431352805,NA,NA
rs4714493,chr6_12377679_A_G_b38,0.644016,0.004227,0.009147547
rs74332050,chr6_12378675_A_T_b38,0.765968391,NA,NA
rs143844345,chr6_12379573_G_A_b38,0.7786952,-0.011815,0.0420433
rs4711683,chr6_12380135_A_C_b38,0.355894365,NA,NA
rs4711684,chr6_12380136_C_A_b38,0.355894365,NA,NA
rs55889167,chr6_12380149_A_G_b38,0.421685,-0.059518,0.074073303
NA,chr6_12380224_A_T_b38,0.511794506,NA,NA
rs12192993,chr6_12380690_C_T_b38,0.5295636,-0.005983,0.009516882
rs12206051,chr6_12380804_G_T_b38,0.2331765,0.010946,0.009181221
rs9394817,chr6_12381053_C_T_b38,0.2793424,-0.010803,0.009986155
rs11755102,chr6_12381155_T_C_b38,0.7616926,0.004634,0.015280674
rs58785653,chr6_12381175_T_C_b38,0.5125633,0.024134,0.036854151
rs10456504,chr6_12381377_C_T_b38,0.6106972,0.00469,0.009212725
rs9784878,chr6_12381999_C_G_b38,0.475955787,NA,NA
rs7744928,chr6_12382159_A_G_b38,0.4753512,-0.006552,0.009179048
rs12193543,chr6_12382369_T_G_b38,0.6393752,-0.004383,0.009353941
rs9394818,chr6_12382634_T_A_b38,0.383608308,NA,NA
rs34440922,chr6_12382734_G_A_b38,0.0750807,-0.049723,0.027934725
rs12195269,chr6_12383060_T_C_b38,0.8253422,0.008703,0.03943733
rs9462731,chr6_12383503_A_G_b38,0.2800044,0.009908,0.009171446
rs13218663,chr6_12383750_C_T_b38,0.0172807,0.04604,0.01933901
rs16872748,chr6_12383791_A_C_b38,0.3450192,-0.026872,0.028457225
rs147902821,chr6_12384191_C_T_b38,0.0659285,-0.097707,0.05313312
rs9471621,chr6_12384332_G_T_b38,0.2495788,0.010551,0.009163842
rs79083271,chr6_12384412_C_T_b38,0.9293399,-0.002732,0.030809003
rs10947982,chr6_12384740_G_A_b38,0.5845914,0.004989,0.009125822
rs72830060,chr6_12385435_T_A_b38,0.295768576,NA,NA
rs10947983,chr6_12385460_A_G_b38,0.7636557,-0.002792,0.009285505
rs10807266,chr6_12385850_A_T_b38,0.254585608,NA,NA
rs73369232,chr6_12386035_C_T_b38,0.5141624,0.024022,0.036822653
rs34597561,chr6_12386057_G_A_b38,0.0905979,-0.046552,0.027508903
rs10947984,chr6_12386914_T_A_b38,0.314348691,NA,NA
rs10947985,chr6_12386950_G_C_b38,0.68995011,NA,NA
rs56123414,chr6_12387657_G_A_b38,0.3970255,-0.062748,0.07408741
rs7738541,chr6_12387887_A_G_b38,0.2981031,0.009708,0.009330042
rs13204675,chr6_12387890_G_T_b38,0.017917,0.054178,0.022885709
rs994565,chr6_12387933_C_T_b38,0.3496148,-0.009314,0.009957911
rs994566,chr6_12388231_T_C_b38,0.558516,-0.005435,0.009289849
rs60855752,chr6_12388283_C_T_b38,0.4636407,0.01313,0.017915985
rs2151829,chr6_12388348_T_C_b38,0.3802053,0.008193,0.00933656
rs2151830,chr6_12388388_G_T_b38,0.8285843,0.002022,0.009338732
rs34532345,chr6_12388655_T_G_b38,0.02489,0.052529,0.023417979
rs2876283,chr6_12388802_G_A_b38,0.3407804,0.008917,0.009360457
rs9369306,chr6_12388883_G_T_b38,0.3728681,-0.008923,0.010013311
rs9394825,chr6_12389090_C_T_b38,0.5860112,-0.005108,0.009378924
rs398109853,chr6_12389193_T_TC_b38,0.944692585,NA,NA
rs78128769,chr6_12389326_A_G_b38,0.9954131,-9.10E-05,0.01582923
rs9381092,chr6_12389687_A_G_b38,0.4812694,-0.006632,0.009416945
rs1034236,chr6_12390254_G_A_b38,0.0306545,-0.029362,0.013583902
rs72830065,chr6_12390340_C_T_b38,0.6873742,0.015223,0.03782854
rs1360723,chr6_12390341_G_A_b38,0.5031516,0.012042,0.017985505
rs72830066,chr6_12390510_G_A_b38,0.6193955,0.008824,0.017764991
rs1572200,chr6_12390763_T_C_b38,0.1201751,-0.021667,0.013942379
rs1572201,chr6_12390813_C_T_b38,0.0969616,-0.023215,0.013986914
rs72830067,chr6_12390922_T_C_b38,0.4918215,0.012306,0.01790186
rs6922952,chr6_12391109_T_C_b38,0.0379689,-0.044325,0.021359487
rs994632,chr6_12391741_G_A_b38,0.0716618,-0.024656,0.013688191
rs7774034,chr6_12391898_T_G_b38,0.0625576,0.025595,0.013743589
rs35514914,chr6_12391991_T_C_b38,0.0514213,0.041112,0.021105297
rs7750672,chr6_12392133_C_A_b38,0.0447204,0.04229,0.021068365
rs9394827,chr6_12392528_A_G_b38,0.1148221,0.019387,0.012294496
rs11756081,chr6_12393519_A_G_b38,0.0465062,0.027702,0.01391522
rs72830069,chr6_12395262_G_A_b38,0.6982189,0.006893,0.017778024
rs72830070,chr6_12395263_C_A_b38,0.668907,0.007606,0.017785632
rs7356887,chr6_12395399_A_G_b38,0.0519043,0.026366,0.01356327
rs7356888,chr6_12395490_A_G_b38,0.6028578,0.009208,0.017697643
rs1034237,chr6_12395530_T_C_b38,0.0631994,-0.025125,0.013524162
rs7771680,chr6_12395790_C_T_b38,0.0331408,0.044578,0.020924969
rs16872754,chr6_12395906_A_G_b38,0.5805637,0.009689,0.017534699
rs1334304,chr6_12396342_G_C_b38,0.049575303,NA,NA
rs1334305,chr6_12396450_C_T_b38,0.0473867,0.026577,0.013403586
rs115823774,chr6_12396707_T_C_b38,0.9710389,-0.001338,0.036854092
rs397698591,chr6_12396729_T_TA_b38,0.183986097,NA,NA
rs78535563,chr6_12396895_C_T_b38,0.3903905,0.025559,0.029757503
rs76860606,chr6_12396955_G_C_b38,0.403956306,NA,NA
rs6922970,chr6_12397234_A_C_b38,0.2161185,0.015914,0.012865876
rs6927503,chr6_12397243_T_G_b38,0.1264907,0.019461,0.012735523
rs150072235,chr6_12397772_G_A_b38,0.6874793,-0.020565,0.05112134
rs4714513,chr6_12397834_A_G_b38,0.2939788,-0.012493,0.011904522
rs72832088,chr6_12397931_A_G_b38,0.6814525,0.006581,0.016032377
rs142040823,chr6_12398242_C_A_b38,0.1649556,0.049195,0.03542787
rs9369307,chr6_12398632_G_A_b38,0.6182424,0.006469,0.012981022
rs17615708,chr6_12398841_T_C_b38,0.3347244,0.020774,0.021535461
rs78130450,chr6_12398981_A_G_b38,0.5391156,-0.028266,0.046024516
rs145677994,chr6_12400414_T_C_b38,0.1613866,0.028064,0.020039655
rs6458245,chr6_12400810_C_A_b38,0.3144387,-0.010722,0.010658562
rs2050289,chr6_12401678_C_T_b38,0.1842789,0.014796,0.011144126
rs12202860,chr6_12402106_C_A_b38,0.558583,0.019316,0.033021765
rs9369310,chr6_12403448_G_A_b38,0.4030869,-0.008742,0.010455426
NA,chr6_12403612_G_A_b38,0.639535073,NA,NA
rs139631802,chr6_12404651_AG_A_b38,0.372117645,NA,NA
rs4711691,chr6_12404663_A_G_b38,0.5136594,0.008392,0.012848498
rs12194574,chr6_12404756_G_A_b38,0.0094968,-0.027064,0.010434787
rs7739575,chr6_12405169_T_A_b38,0.312093101,NA,NA
rs61160702,chr6_12405250_A_G_b38,0.2938413,0.012809,0.012202161
rs60953958,chr6_12405325_A_C_b38,0.2953499,0.012777,0.012209766
rs9367114,chr6_12406168_C_T_b38,0.3185674,0.00923,0.009254003
rs9471684,chr6_12406288_T_C_b38,0.0047229,-0.02904,0.010278372
rs16872761,chr6_12406404_G_C_b38,0.577529315,NA,NA
rs114923028,chr6_12407145_A_G_b38,0.0062631,-0.163969,0.059981067
rs377765624,chr6_12407621_CCTG_C_b38,0.331378489,NA,NA
rs200841797,chr6_12408330_GTGGTGCGATCT_G_b38,0.631518938,NA,NA
rs76860310,chr6_12408681_CG_C_b38,0.782265599,NA,NA
rs12216318,chr6_12409184_C_T_b38,0.0086348,-0.027281,0.010388075
rs12197800,chr6_12409391_T_C_b38,0.0045907,-0.029472,0.010397845
rs12199302,chr6_12409675_T_G_b38,0.0048391,-0.02922,0.010370698
rs79917849,chr6_12409793_A_T_b38,0.562323604,NA,NA
rs35824890,chr6_12410214_C_T_b38,0.1232803,0.03258,0.021140058
rs9471691,chr6_12410923_T_C_b38,0.0049364,-0.029175,0.010378296
rs12206153,chr6_12411060_G_A_b38,0.0039667,-0.029976,0.010405451
rs7744631,chr6_12412086_A_G_b38,0.0051634,-0.029058,0.010390255
rs9394840,chr6_12413707_T_C_b38,0.3085316,0.009419,0.009249657
rs9462757,chr6_12414072_C_A_b38,0.0051563,-0.02933,0.010485847
rs398000490,chr6_12416047_CA_C_b38,0.09747126,NA,NA
rs756250,chr6_12416861_C_T_b38,0.8197928,0.00337,0.014792933
rs9471712,chr6_12417031_C_A_b38,0.066444,-0.018249,0.009942702
rs7771670,chr6_12417086_A_C_b38,0.7551402,-0.003527,0.011309241
rs7776084,chr6_12417247_T_A_b38,0.348109699,NA,NA
rs61151266,chr6_12417343_GA_G_b38,0.104662455,NA,NA
NA,chr6_12418149_T_A_b38,0.061106104,NA,NA
rs139165435,chr6_12418299_C_T_b38,0.281837422,NA,NA
rs9349210,chr6_12418659_A_G_b38,0.3587252,0.008921,0.009720015
rs12206518,chr6_12418825_T_A_b38,0.0605524,NA,NA
rs12206583,chr6_12418998_T_C_b38,0.066221,-0.018262,0.009941616
rs79246846,chr6_12419140_T_C_b38,0.5952312,0.01803,0.033937502
rs13210439,chr6_12419360_C_T_b38,0.1347032,0.031693,0.021187853
rs2151831,chr6_12419680_G_T_b38,0.7332622,-0.00384,0.011267959
rs148912483,chr6_12419905_TTTTATTTGAAAAAC_T_b38,0.116989092,NA,NA
rs11759159,chr6_12420145_G_A_b38,0.646336821,NA,NA
rs12208655,chr6_12420368_T_A_b38,0.068171899,NA,NA
rs9381125,chr6_12421388_A_G_b38,0.3270239,0.009513,0.009705894
rs72832096,chr6_12422010_C_T_b38,0.7932757,0.003853,0.014702777
rs9471742,chr6_12422703_G_A_b38,0.8331946,0.003118,0.014804884
rs144623405,chr6_12422758_G_T_b38,0.2618762,0.038546,0.034355714
rs35233774,chr6_12422776_T_C_b38,0.1482261,0.030001,0.020750081
rs7740766,chr6_12422793_T_C_b38,0.294777,0.01017,0.00970698
rs17698269,chr6_12423968_T_C_b38,0.5816949,0.006915,0.012551943
rs12528246,chr6_12424735_T_C_b38,0.05849,-0.018824,0.009949221
rs9394861,chr6_12425948_G_A_b38,0.7391197,-0.003734,0.011212563
rs9471753,chr6_12426347_T_C_b38,0.7434136,0.004886,0.014926549
rs9471757,chr6_12426817_G_T_b38,0.5864403,0.005751,0.010571658
rs113954499,chr6_12427271_G_A_b38,0.0622691,0.061328,0.032894674
rs7763354,chr6_12427580_A_G_b38,0.0647392,0.060676,0.032850135
rs150062026,chr6_12427621_A_C_b38,0.6497967,-0.022947,0.050539084
rs7767845,chr6_12427806_T_C_b38,0.1125933,0.052461,0.033064129
rs12110417,chr6_12428109_G_A_b38,0.1435748,0.014439,0.009872095
rs10948012,chr6_12428639_T_C_b38,0.0452863,0.019144,0.009562508
rs9369336,chr6_12428652_G_A_b38,0.0479369,0.018669,0.009438668
rs9394867,chr6_12428719_C_T_b38,0.0435055,0.019123,0.009472346
rs9381141,chr6_12429139_A_G_b38,0.013644,0.022608,0.009166017
rs13199316,chr6_12429330_G_A_b38,0.0552264,0.017974,0.009375665
rs13203590,chr6_12429630_C_T_b38,0.0575375,0.017796,0.009370235
rs4714566,chr6_12429898_T_C_b38,0.0575927,0.01779,0.009369147
rs4714567,chr6_12430198_A_C_b38,0.0574683,0.017803,0.009371322
rs78002156,chr6_12430396_G_A_b38,0.1883999,-0.031501,0.02394917
rs7759908,chr6_12430561_C_T_b38,0.0581882,0.017756,0.009373495
rs7741815,chr6_12430830_A_G_b38,0.0562738,0.017889,0.009371321
rs9394874,chr6_12431151_G_A_b38,0.0501544,0.018387,0.009387614
rs9369340,chr6_12431178_A_T_b38,0.054195102,NA,NA
rs386406181,chr6_12431398_C_CA_b38,0.060267481,NA,NA
rs9296377,chr6_12431447_G_A_b38,0.0542084,0.018056,0.009378924
rs9296378,chr6_12431648_A_G_b38,0.011971336,NA,NA
rs72833706,chr6_12431796_G_A_b38,0.5530721,0.011236,0.018942518
rs9357388,chr6_12432973_A_G_b38,0.0561506,0.017927,0.009386527
rs62389149,chr6_12433647_G_A_b38,0.1796876,-0.032168,0.023975241
rs9369343,chr6_12434154_G_T_b38,0.0623416,0.017564,0.009423463
rs9296380,chr6_12434174_G_T_b38,0.0555414,0.017982,0.009391958
rs7747560,chr6_12434258_G_A_b38,0.0556911,0.017971,0.00939196
rs185541245,chr6_12434776_T_A_b38,0.353560942,NA,NA
rs7773116,chr6_12434846_A_G_b38,0.0577803,0.017822,0.009393046
rs12697947,chr6_12434948_C_T_b38,0.0553526,0.017998,0.009393047
rs68185123,chr6_12434959_CGT_C_b38,0.069809207,NA,NA
rs201819645,chr6_12434962_A_AC_b38,0.069809207,NA,NA
rs34791503,chr6_12435013_T_TA_b38,0.069054708,NA,NA
rs9367131,chr6_12435139_A_G_b38,0.0593729,0.017716,0.009396306
rs74817617,chr6_12435259_T_A_b38,0.797162649,NA,NA
rs9349223,chr6_12435343_C_T_b38,0.0575045,0.017852,0.009398479
rs9394883,chr6_12435845_G_A_b38,0.0579408,0.017825,0.009400649
rs75234456,chr6_12436225_C_T_b38,0.411356617,NA,NA
rs9394884,chr6_12436251_G_A_b38,0.0523992,0.01828,0.00942346
rs9369345,chr6_12436295_A_G_b38,0.0558286,0.01799,0.00940717
rs6928514,chr6_12436830_C_T_b38,0.056532,0.017949,0.009412601
rs17698358,chr6_12436905_T_C_b38,0.518197,0.012174,0.018841492
rs2876284,chr6_12437600_A_T_b38,0.062349504,NA,NA
rs2065646,chr6_12437773_T_G_b38,0.0575526,0.017863,0.009406083
rs4605878,chr6_12437927_G_A_b38,0.058567,0.017793,0.009407169
rs9394886,chr6_12438082_C_G_b38,0.058930407,NA,NA
rs9394887,chr6_12438117_A_G_b38,0.0583405,0.017809,0.009407169
rs9349225,chr6_12438152_T_C_b38,0.0583687,0.017807,0.009407166
rs114229923,chr6_12438281_G_T_b38,0.025754532,NA,NA
rs2065647,chr6_12438352_T_C_b38,0.0514281,0.018559,0.009527744
rs4714581,chr6_12438975_C_G_b38,0.060946601,NA,NA
rs9369351,chr6_12439223_C_T_b38,0.0564303,0.018203,0.009541868
rs9357392,chr6_12439467_G_A_b38,0.0589275,0.017782,0.009414773
rs876212,chr6_12439639_A_G_b38,0.059225,0.017755,0.009411512
rs17765987,chr6_12439889_C_T_b38,0.5912482,0.01021,0.019012039
rs915080,chr6_12439909_T_C_b38,0.0599011,0.01771,0.009412598
rs2327584,chr6_12439973_G_A_b38,0.0603524,0.017687,0.009416943
rs6930807,chr6_12440005_T_C_b38,0.0589439,0.017787,0.00941803
rs9369353,chr6_12440580_C_T_b38,0.0636956,0.017478,0.009425636
rs7746491,chr6_12440885_G_A_b38,0.060922,0.017652,0.009419117
rs116563385,chr6_12440910_A_C_b38,0.800668,-0.009412,0.037277804
rs35629914,chr6_12441021_T_C_b38,0.2296587,0.033431,0.027830443
rs9357393,chr6_12441049_A_T_b38,0.047405201,NA,NA
rs115652568,chr6_12441062_A_C_b38,0.6388414,-0.02715,0.057849736
rs9357394,chr6_12441119_T_C_b38,0.0123312,0.023123,0.009239879
rs1034235,chr6_12441617_A_G_b38,0.0173297,-0.022427,0.009424547
rs141706891,chr6_12442083_C_T_b38,0.341678,-0.031433,0.033057618
rs1855524,chr6_12442106_C_T_b38,0.0403753,0.020279,0.009892733
rs1572199,chr6_12442396_G_A_b38,0.0513907,0.018435,0.009462567
rs9367138,chr6_12442706_A_G_b38,0.048087,0.018781,0.009501676
rs9369354,chr6_12442799_G_T_b38,0.0489956,0.018701,0.0094995
rs9367139,chr6_12443199_C_T_b38,0.062652,0.017614,0.009461484
rs9296382,chr6_12443502_G_A_b38,0.0666434,0.017361,0.009465826
rs17766041,chr6_12443738_T_G_b38,0.5812879,0.010502,0.019042456
rs9381162,chr6_12443807_C_A_b38,0.0668782,0.017356,0.009471257
rs114992928,chr6_12444344_T_C_b38,0.2023412,0.042115,0.033033711
rs17698435,chr6_12444565_A_G_b38,0.4858114,0.013211,0.018954463
rs9462794,chr6_12445615_A_T_b38,0.032651194,NA,NA
rs9462795,chr6_12445689_A_G_b38,0.8596934,-0.002198,0.012434625
rs6901053,chr6_12446243_A_G_b38,0.7446112,0.003563,0.010937733
rs796266162,chr6_12446431_CAGAT_C_b38,0.974462738,NA,NA
rs9471832,chr6_12446631_A_T_b38,0.034420397,NA,NA
rs4714588,chr6_12446700_T_C_b38,0.8188086,0.002525,0.011022465
rs76022933,chr6_12446909_A_G_b38,0.9161968,-0.00352,0.033451936
rs116314410,chr6_12446986_T_A_b38,0.580573617,NA,NA
rs149173325,chr6_12448021_C_T_b38,0.1116076,0.0547,0.034380703
rs141700468,chr6_12448116_G_C_b38,0.083046496,NA,NA
rs62389992,chr6_12448159_C_T_b38,0.054455993,NA,NA
rs7772804,chr6_12448971_G_A_b38,0.012268321,NA,NA
rs138374067,chr6_12449962_C_T_b38,0.3153498,-0.033194,0.033059784
rs7739968,chr6_12450001_G_A_b38,0.9973895,0.000125,0.038205476
rs141683250,chr6_12450511_C_T_b38,0.0708814,0.110249,0.061037965
rs9471843,chr6_12452063_T_G_b38,0.9605381,-0.00071,0.014349714
rs12211348,chr6_12452123_C_T_b38,0.7522961,-0.004374,0.013858735
rs7765747,chr6_12452958_G_A_b38,0.8776425,0.002278,0.014796201
rs7752834,chr6_12453156_T_G_b38,0.5337446,-0.010319,0.016582034
rs1931546,chr6_12453367_T_C_b38,0.3455361,0.018194,0.019287952
rs1831968,chr6_12453536_C_G_b38,0.802510395,NA,NA
rs1819528,chr6_12453556_G_A_b38,0.962518,-0.000684,0.014555046
rs73371207,chr6_12453909_G_A_b38,0.1269322,0.046802,0.030663458
rs10948032,chr6_12453976_C_T_b38,0.9158138,-0.001541,0.014577853
rs1855527,chr6_12454330_T_C_b38,0.8813265,0.002211,0.014810314
rs34578518,chr6_12455913_A_G_b38,0.2068167,0.014936,0.01183174
rs10948033,chr6_12456299_C_T_b38,0.1103712,0.016871,0.010567313
rs141851846,chr6_12456328_CG_C_b38,0.583654319,NA,NA
rs56329086,chr6_12457218_C_A_b38,0.9011108,-0.005069,0.040794072
rs4714604,chr6_12458010_A_G_b38,0.3267747,0.012328,0.012571496
rs138098438,chr6_12458411_A_C_b38,0.614799048,NA,NA
rs7760491,chr6_12458564_C_T_b38,0.3488873,0.011988,0.012797441
rs9471855,chr6_12458704_A_G_b38,0.4655316,0.009118,0.01249437
rs9381171,chr6_12459079_G_C_b38,0.9606924,NA,NA
rs142050095,chr6_12460734_G_T_b38,0.0087821,-0.095876,0.036587998
rs9471860,chr6_12460992_G_A_b38,0.3214756,0.012649,0.012758338
rs72833724,chr6_12461035_T_C_b38,0.1550156,-0.049232,0.034620767
rs9394898,chr6_12461939_C_T_b38,0.8161367,-0.002572,0.01106157
rs12200522,chr6_12462491_A_T_b38,0.8096697,NA,NA
rs397768463,chr6_12462834_C_CT_b38,0.937775362,NA,NA
rs34199442,chr6_12463065_G_T_b38,0.8085778,-0.002684,0.011078952
rs9689455,chr6_12463146_G_A_b38,0.8568453,-0.001996,0.011064829
rs111797764,chr6_12463340_C_T_b38,0.7623855,0.007645,0.025285292
rs141471917,chr6_12463420_C_T_b38,0.755634234,NA,NA
rs9296384,chr6_12463564_T_C_b38,0.8602875,-0.001941,0.011027896
rs9381176,chr6_12463636_T_C_b38,0.9037463,-0.001334,0.011031155
rs9381177,chr6_12463878_T_C_b38,0.9243045,-0.001048,0.01103007
rs9296385,chr6_12464260_A_C_b38,0.947848,-0.000716,0.01094643
rs12205758,chr6_12464407_T_C_b38,0.6402656,-0.02788,0.05965838
rs9296386,chr6_12464450_G_T_b38,0.9736868,-0.000363,0.011005107
rs9381180,chr6_12465948_C_T_b38,0.966054,0.000469,0.011020295
rs59336191,chr6_12467382_C_CTG_b38,0.926340703,NA,NA
rs12209939,chr6_12467400_A_G_b38,0.9932674,-9.30E-05,0.011021357
rs12190676,chr6_12467576_G_T_b38,0.9124139,-0.00127,0.011546054
rs12213065,chr6_12467840_T_C_b38,0.9958732,5.70E-05,0.011020455
rs12530036,chr6_12468513_T_C_b38,0.9718415,-0.00039,0.011048542
rs12208522,chr6_12469998_C_T_b38,0.9690005,-0.00043,0.011064825
rs12208572,chr6_12470092_C_T_b38,0.9684752,-0.000443,0.011209298
rs529972097,chr6_12470122_AAAT_A_b38,0.999627844,NA,NA
rs9369364,chr6_12470371_T_C_b38,0.9633918,-0.000508,0.011068096
rs9381187,chr6_12470998_C_T_b38,0.9080363,-0.001301,0.011262529
rs146537505,chr6_12471204_G_A_b38,0.3255312,0.039857,0.040539899
rs61381220,chr6_12471658_G_GGGATT_b38,0.710795598,NA,NA
rs12526847,chr6_12471780_C_T_b38,0.9888732,0.000183,0.013122204
rs6458287,chr6_12472024_T_C_b38,0.4909624,0.006879,0.009987239
rs147143612,chr6_12472370_G_A_b38,0.1983179,-0.058381,0.045384697
rs9381193,chr6_12473363_A_C_b38,0.9641052,5.00E-04,0.011110458
rs61339415,chr6_12473448_G_A_b38,0.7284596,0.00434,0.012500888
rs150461529,chr6_12475160_G_A_b38,0.0114603,-0.082551,0.032650263
rs9296391,chr6_12475251_G_A_b38,0.3319826,0.010885,0.011220167
rs77182737,chr6_12475571_C_T_b38,0.0184857,-0.070403,0.029885689
rs146924111,chr6_12475892_G_A_b38,0.131745656,NA,NA
rs9296392,chr6_12476464_A_C_b38,0.3987182,0.009368,0.011100675
rs9296393,chr6_12476663_A_G_b38,0.3466097,0.010457,0.011110453
rs2327585,chr6_12476831_T_C_b38,0.3428829,0.010535,0.011107194
rs1413510,chr6_12476921_G_A_b38,0.3425609,0.010541,0.011106107
rs1413511,chr6_12476945_T_C_b38,0.3331663,0.010748,0.011106106
rs141665154,chr6_12477091_C_G_b38,0.778090105,NA,NA
rs2050290,chr6_12477359_T_C_b38,0.3562862,0.010249,0.011110451
rs139894450,chr6_12477372_T_C_b38,0.344043,0.048838,0.051614496
rs9381200,chr6_12477965_C_T_b38,0.3311686,0.010783,0.01109633
rs9369371,chr6_12478228_G_A_b38,0.1660476,0.015337,0.011073519
rs9471883,chr6_12479021_A_T_b38,0.309648275,NA,NA
rs112318066,chr6_12479143_A_T_b38,0.877955305,NA,NA
rs7740778,chr6_12479906_C_T_b38,0.3732579,0.009881,0.011097416
rs142531308,chr6_12479925_T_C_b38,0.0046725,0.163494,0.057796537
rs62389995,chr6_12480541_C_A_b38,0.2564085,-0.052858,0.046574174
rs75809828,chr6_12480878_T_C_b38,0.0092919,-0.085094,0.032714324
rs17616336,chr6_12480896_T_C_b38,0.0514857,-0.106461,0.054668019
rs200921135,chr6_12481120_G_GTA_b38,0.421583907,NA,NA
rs372679151,chr6_12481989_A_AGGGTGGGATTTT_b38,0.246841239,NA,NA
rs9471890,chr6_12482058_G_A_b38,0.3094014,0.011362,0.011177802
rs9369375,chr6_12483748_A_G_b38,0.5956669,0.005027,0.009473431
rs2876273,chr6_12483886_C_T_b38,0.3199882,0.011101,0.011162593
rs9394914,chr6_12484451_A_T_b38,0.272752821,NA,NA
rs7743158,chr6_12485631_G_A_b38,0.3788585,0.010259,0.011657935
rs12200793,chr6_12487051_A_T_b38,0.307851906,NA,NA
rs10807283,chr6_12487113_T_G_b38,0.3761383,0.009911,0.01119844
rs67871170,chr6_12487221_CT_C_b38,0.246841239,NA,NA
rs9381210,chr6_12487965_T_C_b38,0.3951107,0.009741,0.011454803
rs1999622,chr6_12488497_A_G_b38,0.3857294,0.010046,0.011581897
rs1999623,chr6_12488833_C_T_b38,0.3645287,0.010378,0.011445025
rs7753779,chr6_12491235_A_G_b38,0.3144925,0.011714,0.011645987
rs9471913,chr6_12493760_T_G_b38,0.6752847,-0.006003,0.014330178
rs35769721,chr6_12494255_C_T_b38,0.5124788,-0.014269,0.021785303
rs9394922,chr6_12494270_C_A_b38,0.292153,0.011697,0.011103936
rs9381221,chr6_12496183_G_A_b38,0.3583069,0.010678,0.011624261
rs144342053,chr6_12497698_C_T_b38,0.131745656,NA,NA
rs9462831,chr6_12499090_C_T_b38,0.3319436,0.010771,0.011101761
rs72833726,chr6_12500734_T_A_b38,0.471819316,NA,NA
rs4714632,chr6_12504501_T_C_b38,0.5848997,0.005424,0.009929667
rs1413513,chr6_12504735_T_C_b38,0.5673673,0.005676,0.009924238
rs1413512,chr6_12504782_C_T_b38,0.3932957,0.015984,0.018724173
rs35802624,chr6_12504842_C_T_b38,0.8748031,0.001678,0.010649874
rs13217076,chr6_12504908_A_G_b38,0.7812326,0.002938,0.010579264
rs150690575,chr6_12505568_T_C_b38,0.421583907,NA,NA
rs9381224,chr6_12505896_C_T_b38,0.8664841,0.001796,0.010682459
rs7756687,chr6_12506154_G_A_b38,0.6850202,0.004018,0.009905769
rs16872856,chr6_12507075_T_C_b38,0.3865243,0.016055,0.018540593
rs9471946,chr6_12507722_T_C_b38,0.3595164,0.017096,0.018657911
rs9471949,chr6_12508080_T_C_b38,0.3615091,0.01705,0.018685069
rs9394930,chr6_12508146_T_C_b38,0.9008425,0.001156,0.009277902
rs9296400,chr6_12508187_T_A_b38,0.373991004,NA,NA
rs13214038,chr6_12508339_G_T_b38,0.5586526,0.005827,0.00996334
rs9471953,chr6_12508421_A_G_b38,0.4286126,0.014947,0.018882773
rs12215499,chr6_12508842_C_A_b38,0.8469839,0.002075,0.010753069
rs12198798,chr6_12509895_T_C_b38,0.6797071,-0.005354,0.012967987
rs9349244,chr6_12510044_T_C_b38,0.5299019,0.006685,0.010642265
rs12190675,chr6_12510191_C_T_b38,0.6412714,-0.019184,0.041174282
rs9369392,chr6_12510272_C_G_b38,0.73318999,NA,NA
rs17616429,chr6_12510681_A_G_b38,0.428081,0.027376,0.034544731
rs1931548,chr6_12510694_C_G_b38,0.664040306,NA,NA
rs12199205,chr6_12510798_A_G_b38,0.9704205,0.000414,0.011164777
rs1360721,chr6_12510864_A_G_b38,0.6320167,0.004402,0.009192085
rs34849274,chr6_12511834_A_G_b38,0.772944584,NA,NA
rs796527474,chr6_12511836_TG_T_b38,0.772944584,NA,NA
rs7761175,chr6_12511918_C_T_b38,0.6894637,0.003673,0.009192083
rs9369393,chr6_12512104_A_G_b38,0.6897148,0.003669,0.009189912
rs9369394,chr6_12512112_A_G_b38,0.6012485,0.004801,0.009186654
rs9349245,chr6_12512223_C_T_b38,0.5165477,0.006921,0.010669423
rs9349246,chr6_12512283_C_T_b38,0.7062079,0.003474,0.009215983
rs140504482,chr6_12512427_C_T_b38,0.428330052,NA,NA
rs4714636,chr6_12512684_A_T_b38,0.643629791,NA,NA
rs4714637,chr6_12512718_A_G_b38,0.6614214,0.004049,0.009245315
rs4714639,chr6_12512988_G_T_b38,0.659443,0.004091,0.009283331
rs75238523,chr6_12512994_T_C_b38,0.9661404,0.000998,0.023510311
rs9394933,chr6_12513254_A_C_b38,0.6932669,0.003707,0.009398479
rs9394934,chr6_12513317_T_C_b38,0.6127469,0.004756,0.009396307
rs9349248,chr6_12513394_T_C_b38,0.6212544,0.004643,0.00939739
rs9394935,chr6_12513558_T_G_b38,0.6091821,0.004806,0.009400649
rs9349249,chr6_12513563_G_A_b38,0.6140296,0.004672,0.009263778
rs9394936,chr6_12513610_A_G_b38,0.782284,0.002578,0.009328958
rs114035066,chr6_12513833_C_T_b38,0.829677,0.004892,0.022741235
rs72833730,chr6_12513834_G_A_b38,0.8951762,-0.003204,0.024317424
rs12196360,chr6_12513843_T_A_b38,0.780215791,NA,NA
rs9349250,chr6_12513860_T_C_b38,0.5124339,0.006698,0.010225133
rs145614915,chr6_12514124_G_A_b38,0.5318062,-0.018972,0.030343003
rs9369396,chr6_12514737_C_T_b38,0.790754123,NA,NA
rs13211009,chr6_12515735_A_T_b38,0.287357425,NA,NA
rs13214464,chr6_12515880_T_C_b38,0.2772577,0.011433,0.010522777
rs12200259,chr6_12516010_T_G_b38,0.556277,-0.007772,0.013209142
rs12204943,chr6_12516013_G_A_b38,0.5805982,-0.007309,0.013228692
rs10948062,chr6_12516199_A_G_b38,0.5463824,0.005692,0.009436499
rs11964303,chr6_12516221_A_G_b38,0.9641054,-0.001048,0.02328765
NA,chr6_12516228_C_G_b38,0.43012411,NA,NA
rs142608073,chr6_12516250_C_T_b38,0.9217502,0.002572,0.026183629
rs12200432,chr6_12516353_T_C_b38,0.2479331,0.011081,0.009590748
NA,chr6_12516527_C_G_b38,0.580686706,NA,NA
rs2095343,chr6_12516892_A_G_b38,0.7642738,0.002948,0.009830819
rs12202093,chr6_12516919_T_C_b38,0.7708913,0.011339,0.038937641
rs2104988,chr6_12517099_C_T_b38,0.3531185,-0.022915,0.024678065
rs4714647,chr6_12517268_C_T_b38,0.9817402,-0.000608,0.026564993
rs397780209,chr6_12517295_G_GA_b38,0.466020836,NA,NA
rs9369398,chr6_12517317_G_T_b38,0.3944303,0.009175,0.010773704
rs9381228,chr6_12517328_A_G_b38,0.275917,0.01162,0.010665077
rs6935597,chr6_12517400_A_G_b38,0.2596684,0.012472,0.011064828
rs4714648,chr6_12517545_C_T_b38,0.6013304,0.005355,0.010249033
rs4714649,chr6_12517570_T_C_b38,0.4651919,-0.010499,0.014375802
rs12204101,chr6_12518051_T_C_b38,0.6195849,0.008102,0.016320241
NA,chr6_12518231_T_A_b38,0.854181605,NA,NA
rs11755521,chr6_12518268_A_G_b38,0.7500715,-0.004461,0.014004298
rs11753185,chr6_12518456_C_T_b38,0.7769824,0.003064,0.010817159
rs9394938,chr6_12518913_G_A_b38,0.4761196,-0.010273,0.014417081
rs12210635,chr6_12519042_G_A_b38,0.9398707,-0.001157,0.015338242
rs17766418,chr6_12519147_G_A_b38,0.3263805,0.026513,0.027014649
rs6458320,chr6_12519200_A_G_b38,0.8606033,-0.002489,0.014173756
rs6909662,chr6_12519718_A_T_b38,0.171780504,NA,NA
rs6914182,chr6_12519724_T_C_b38,0.1710938,0.015021,0.010974666
rs75079003,chr6_12519889_G_A_b38,0.3401848,0.02575,0.026997268
rs61471919,chr6_12519937_TTGAG_T_b38,0.185637424,NA,NA
rs6914768,chr6_12520056_T_C_b38,0.0845805,-0.018233,0.010571658
rs75844458,chr6_12520284_T_C_b38,0.3488606,0.025286,0.026991839
rs79713875,chr6_12520335_C_T_b38,0.2641518,0.029958,0.026828899
rs12212807,chr6_12520426_G_T_b38,0.182013,0.014635,0.010965976
rs6920298,chr6_12520807_T_C_b38,0.9738929,-0.000463,0.014147669
rs9369399,chr6_12520829_G_T_b38,0.5813062,-0.00547,0.009918804
rs6920624,chr6_12520976_T_A_b38,0.462832192,NA,NA
rs76740300,chr6_12521183_T_C_b38,0.2650725,0.029887,0.026816945
rs2151828,chr6_12521702_C_G_b38,0.516080984,NA,NA
rs2184327,chr6_12522343_C_T_b38,0.6370825,0.004679,0.009917719
rs2184328,chr6_12522346_T_C_b38,0.6682632,0.004251,0.009919893
rs10948063,chr6_12522366_G_T_b38,0.6221982,-0.004897,0.009938358
rs12526770,chr6_12522378_T_C_b38,0.6341562,-0.004729,0.009937272
rs138631759,chr6_12522840_G_A_b38,0.4551786,0.026857,0.035962321
rs4714657,chr6_12523025_C_T_b38,0.4793303,-0.0101,0.014278038
rs9357406,chr6_12523366_T_C_b38,0.1519713,-0.015699,0.010958373
rs9367168,chr6_12523379_A_C_b38,0.5927275,-0.005313,0.009932926
rs9394940,chr6_12523524_C_T_b38,0.4703105,-0.010277,0.014234585
rs7758640,chr6_12523563_C_T_b38,0.2072985,0.013838,0.01097358
rs7744333,chr6_12523706_T_C_b38,0.2412834,0.011792,0.01006328
rs66509518,chr6_12524258_T_C_b38,0.4709608,-0.010269,0.014244366
rs9472002,chr6_12524897_G_A_b38,0.3484742,-0.015517,0.016550532
rs12207331,chr6_12525058_T_C_b38,0.1078615,0.017618,0.010957286
rs146410847,chr6_12525126_G_A_b38,0.4459916,0.027419,0.035977527
rs67649018,chr6_12525440_G_A_b38,0.4844771,-0.009957,0.014242192
rs13216146,chr6_12526171_C_T_b38,0.4832872,-0.009975,0.014229157
rs13208609,chr6_12526909_T_C_b38,0.5050579,-0.009491,0.014238935
rs76662936,chr6_12527091_G_A_b38,0.8093946,-0.013223,0.054820109
rs60626660,chr6_12527305_C_T_b38,0.3815917,-0.014638,0.016729769
rs72833749,chr6_12529349_C_A_b38,0.269308,0.027538,0.024928993
rs6458324,chr6_12529390_T_C_b38,0.7365562,-0.005315,0.01579883
rs138819652,chr6_12529418_T_C_b38,0.6967811,-0.019862,0.050971426
rs9462868,chr6_12529611_A_T_b38,0.473717409,NA,NA
rs6938519,chr6_12529855_A_G_b38,0.874957,-0.002692,0.017106699
rs148559527,chr6_12530051_G_T_b38,0.0661006,-0.074412,0.040491018
rs76259907,chr6_12530603_G_T_b38,0.7866193,0.007662,0.028304059
rs9472011,chr6_12530604_A_C_b38,0.9264894,0.001484,0.016084523
rs12210221,chr6_12530846_C_A_b38,0.1516713,-0.014787,0.010314211
rs2251840,chr6_12530972_C_T_b38,0.4682509,0.008262,0.01139071
rs9472014,chr6_12531255_A_G_b38,0.3993126,-0.013902,0.016494047
rs2504899,chr6_12531319_G_T_b38,0.7616425,0.003262,0.010754155
rs9462869,chr6_12531570_C_T_b38,0.8996891,-0.002254,0.017881212
rs9472015,chr6_12531787_A_G_b38,0.3323736,0.017491,0.018044163
rs62389997,chr6_12531961_T_C_b38,0.2268248,-0.02235,0.018492798
rs35111736,chr6_12532064_C_T_b38,0.4995084,0.007446,0.011026807
rs139817318,chr6_12532065_AC_A_b38,0.273573421,NA,NA
rs561716718,chr6_12532068_C_G_b38,0.273573421,NA,NA
rs12665596,chr6_12532091_G_A_b38,0.5444648,0.006689,0.011036584
rs2504906,chr6_12532380_T_C_b38,0.3706695,0.010204,0.011398316
rs58295962,chr6_12532385_A_G_b38,0.7202858,-0.007893,0.022042755
rs76206523,chr6_12532475_G_A_b38,0.7975459,-0.005652,0.022032988
rs56388817,chr6_12532654_G_A_b38,0.6203982,0.005696,0.011500424
rs34998271,chr6_12532834_G_A_b38,0.620502,0.013589,0.027444818
rs139213495,chr6_12533740_GC_G_b38,0.995714457,NA,NA
rs77988229,chr6_12533942_G_A_b38,0.7343493,0.008614,0.025384142
rs148736793,chr6_12533967_T_TC_b38,0.731132765,NA,NA
rs75011502,chr6_12534039_C_A_b38,0.7262242,0.008883,0.02536894
rs75080576,chr6_12534632_T_C_b38,0.9780061,-0.000615,0.022307861
rs79358116,chr6_12534695_C_T_b38,0.7481218,0.00813,0.025317883
rs78324146,chr6_12534745_G_A_b38,0.6616388,-0.015197,0.03472396
rs112603110,chr6_12534751_GA_G_b38,0.731132765,NA,NA
rs2504853,chr6_12534879_T_C_b38,0.6118549,0.005113,0.010076316
rs2327564,chr6_12535335_C_A_b38,0.809962,-0.004149,0.017253349
rs7738484,chr6_12535876_A_G_b38,0.5560623,0.014457,0.024557485
rs148119242,chr6_12535923_T_C_b38,0.003273,0.179204,0.060935872
rs2504857,chr6_12536110_G_A_b38,0.6020655,0.005526,0.010597728
rs77221355,chr6_12536942_T_C_b38,0.7323908,0.008631,0.025240757
rs17698884,chr6_12537094_C_T_b38,0.6000975,0.005925,0.011301638
rs77952363,chr6_12537846_G_A_b38,0.7154595,0.009192,0.025215774
rs2504873,chr6_12538124_G_A_b38,0.97887,0.000264,0.009967672
rs2490452,chr6_12538194_A_G_b38,0.9426359,0.000721,0.010019833
rs2504878,chr6_12538223_T_C_b38,0.991115,0.000111,0.009967738
rs112293115,chr6_12538317_C_T_b38,0.2718309,0.026146,0.023793837
rs2504881,chr6_12538542_C_T_b38,0.9654041,0.000432,0.009960084
rs111807284,chr6_12538655_C_T_b38,0.7566192,0.007819,0.025228814
NA,chr6_12539006_C_G_b38,0.842276696,NA,NA
rs2504885,chr6_12539040_G_A_b38,0.9840474,-0.000199,0.009952512
rs9688783,chr6_12539556_A_G_b38,0.5693117,0.013947,0.024508602
rs9296411,chr6_12539665_C_T_b38,0.7497131,0.003332,0.010444562
rs9296412,chr6_12539785_T_G_b38,0.7283213,0.003625,0.010435876
rs9918358,chr6_12540053_A_G_b38,0.8044393,0.002726,0.011009428
rs7745473,chr6_12540595_C_A_b38,0.9344422,0.000909,0.011050706
rs78730728,chr6_12542187_C_A_b38,0.7794611,-0.004838,0.017277253
rs4469288,chr6_12543082_C_T_b38,0.8725449,-0.003458,0.021555005
rs2490444,chr6_12543937_C_T_b38,0.5540572,0.005955,0.010064366
rs6907466,chr6_12544019_C_T_b38,0.711685,0.00932,0.025216857
rs17616631,chr6_12544316_G_A_b38,0.4055009,0.031947,0.038405355
rs2490445,chr6_12544440_T_C_b38,0.8558594,0.001811,0.009969861
rs116622795,chr6_12544547_C_A_b38,0.921964509,NA,NA
rs79545673,chr6_12544752_T_C_b38,0.8814039,-0.00322,0.021583251
rs75969618,chr6_12544798_C_T_b38,0.8813002,-0.003223,0.021584345
rs11970522,chr6_12544871_T_C_b38,0.9010227,0.001244,0.01000245
rs11962380,chr6_12544918_G_A_b38,0.8216311,0.005689,0.025234247
rs78848422,chr6_12544946_G_A_b38,0.6672152,-0.009489,0.022068821
rs76849954,chr6_12545103_A_G_b38,0.6308823,-0.010693,0.022254579
rs2327565,chr6_12545606_A_G_b38,0.9234241,-0.002079,0.021628883
rs192071910,chr6_12545988_C_A_b38,0.7297934,-0.007937,0.02297913
rs184425273,chr6_12545989_A_C_b38,0.7390842,-0.007659,0.022995419
rs79198562,chr6_12546028_T_G_b38,0.4543634,0.022712,0.030357126
rs76017678,chr6_12546114_C_G_b38,0.697014192,NA,NA
rs116570056,chr6_12548051_C_T_b38,0.8984964,0.005329,0.041776095
rs6911027,chr6_12548141_A_G_b38,0.753464,-0.00338,0.010761757
rs77475849,chr6_12548272_G_A_b38,0.9349674,-0.001539,0.018861049
rs6911432,chr6_12548407_A_G_b38,0.7419668,-0.003578,0.010867125
rs7771944,chr6_12548726_C_A_b38,0.0168887,0.069724,0.029183946
rs6937502,chr6_12548867_C_T_b38,0.8037512,-0.002698,0.010857348
rs58288781,chr6_12549007_T_C_b38,0.9931113,9.60E-05,0.011119075
rs55655151,chr6_12549195_G_A_b38,0.9946895,-7.40E-05,0.011118166
rs145237361,chr6_12549391_C_T_b38,0.7022718,0.008852,0.023157281
rs181764422,chr6_12549642_C_T_b38,0.2311177,-0.069801,0.058289684
rs530333368,chr6_12549833_CA_C_b38,0.465401639,NA,NA
rs6927454,chr6_12550027_T_C_b38,0.2257932,0.012188,0.010062193
rs112108810,chr6_12550216_C_T_b38,0.9867267,0.000185,0.011120206
rs6927894,chr6_12550309_T_C_b38,0.3763067,0.009155,0.010347885
rs373317599,chr6_12550695_C_T_b38,0.809891096,NA,NA
rs551547948,chr6_12551631_C_A_b38,0.01123858,NA,NA
rs9369406,chr6_12551739_A_T_b38,0.951905401,NA,NA
rs9472034,chr6_12551839_T_A_b38,0.307421408,NA,NA
rs184729205,chr6_12552420_G_A_b38,0.5666078,0.029497,0.05147329
rs140072846,chr6_12552614_G_A_b38,0.0365107,0.063653,0.030438596
rs149210571,chr6_12553200_C_A_b38,0.8040009,0.002815,0.011342914
NA,chr6_12553864_A_G_b38,0.116473883,NA,NA
rs11965584,chr6_12554660_G_A_b38,0.541489755,NA,NA
rs11963891,chr6_12554883_T_C_b38,0.999934238,NA,NA
rs187985956,chr6_12555132_A_G_b38,0.0094286,-0.136267,0.052488924
rs140988311,chr6_12555429_T_C_b38,0.0094186,-0.136275,0.052484635
rs547691407,chr6_12555642_C_A_b38,0.155551096,NA,NA
rs78606695,chr6_12555953_A_G_b38,0.0223442,-0.102166,0.044722062
rs56399223,chr6_12556278_G_C_b38,0.683357198,NA,NA
rs74541147,chr6_12556419_C_T_b38,0.2829847,-0.018616,0.017339169
rs2504888,chr6_12556542_G_C_b38,0.768448004,NA,NA
rs2327566,chr6_12557549_A_T_b38,0.883282701,NA,NA
rs17766596,chr6_12557852_G_A_b38,0.9895644,0.000146,0.011162542
rs2504890,chr6_12557878_T_C_b38,0.699949,-0.009918,0.025735017
rs2327567,chr6_12558189_A_G_b38,0.9067197,0.001301,0.011102851
rs2504891,chr6_12558264_T_C_b38,0.6801202,-0.010615,0.025745873
rs76228568,chr6_12558467_A_T_b38,0.210904017,NA,NA
rs114536177,chr6_12558754_A_G_b38,0.7473086,-0.011887,0.036894353
rs17698983,chr6_12558987_C_T_b38,0.8716738,0.001794,0.011106105
rs2504892,chr6_12559007_T_C_b38,0.926199,0.000974,0.010515165
rs78358953,chr6_12560157_C_A_b38,0.0570775,-0.082824,0.043529335
rs2490447,chr6_12560374_G_A_b38,0.3811273,0.008963,0.010233825
rs67172952,chr6_12560618_A_G_b38,0.9834912,-0.000227,0.010970324
rs4495267,chr6_12560682_A_G_b38,0.0048491,0.078735,0.027951029
NA,chr6_12560840_A_T_b38,0.023860507,NA,NA
rs2504894,chr6_12561876_T_C_b38,0.7345958,-0.008753,0.02581865
rs2876277,chr6_12562348_A_G_b38,0.3941092,0.008748,0.010265328
rs60010784,chr6_12562359_A_G_b38,0.7365466,-0.008688,0.025824091
rs56285024,chr6_12562523_C_T_b38,0.9701971,-0.000411,0.011000751
NA,chr6_12562940_G_A_b38,0.90987265,NA,NA
rs6899706,chr6_12563230_T_G_b38,0.4282369,0.017219,0.021735335
rs111579494,chr6_12563290_T_C_b38,0.0572549,-0.082546,0.043414192
rs2504895,chr6_12563384_G_T_b38,0.3929633,0.008772,0.010268588
rs75259581,chr6_12563977_A_C_b38,0.0549365,-0.083641,0.043577134
rs74613226,chr6_12564154_T_C_b38,0.0527052,-0.084419,0.043574955
rs373491362,chr6_12564165_GAT_G_b38,0.060186979,NA,NA
rs114195785,chr6_12564457_T_C_b38,0.5917111,-0.016661,0.031063204
rs75619848,chr6_12564759_T_C_b38,0.6594417,-0.019895,0.045145717
rs76534545,chr6_12564818_G_A_b38,0.0387428,0.065058,0.031475996
rs55951426,chr6_12564925_T_C_b38,0.015022,0.069769,0.028689701
rs2490449,chr6_12565570_T_G_b38,0.3898136,0.008838,0.010277277
NA,chr6_12566393_T_TAC_b38,0.217159788,NA,NA
rs78835594,chr6_12566673_G_A_b38,0.0096644,-0.135523,0.052373788
rs56178713,chr6_12566956_T_C_b38,0.8111396,0.003159,0.01322
rs76921821,chr6_12568798_A_C_b38,0.8758466,-0.002931,0.018760019
rs9369414,chr6_12568999_G_A_b38,0.9108986,-0.001577,0.01409229
rs114628346,chr6_12569439_G_C_b38,0.439971316,NA,NA
rs59281214,chr6_12569481_CAGA_C_b38,0.060186979,NA,NA
rs11970646,chr6_12569685_T_C_b38,0.0249323,-0.100896,0.044993645
rs151138627,chr6_12569891_G_GA_b38,0.060460519,NA,NA
rs79353980,chr6_12570541_T_C_b38,0.9291525,-0.002385,0.026824524
rs78725675,chr6_12570566_T_C_b38,0.491982,0.020219,0.029424013
rs76733691,chr6_12570634_G_T_b38,0.5891242,-0.026407,0.048892287
rs145801384,chr6_12571045_A_G_b38,0.1602581,0.052608,0.037464642
rs72833767,chr6_12571057_T_G_b38,0.0795486,0.082198,0.046881578
rs398094010,chr6_12571692_AT_A_b38,0.386779556,NA,NA
rs76198075,chr6_12572595_G_A_b38,0.0244043,-0.10126,0.044990371
rs78111682,chr6_12572776_G_A_b38,0.9652919,-0.001174,0.026979897
rs78088447,chr6_12572856_C_T_b38,0.0314078,0.065404,0.030394066
rs114601019,chr6_12573378_G_A_b38,0.4758752,0.037141,0.052094639
rs2504897,chr6_12573494_G_A_b38,0.326273,0.01011,0.010299001
rs200538800,chr6_12573814_GCTT_G_b38,0.164473257,NA,NA
rs57600073,chr6_12574326_T_C_b38,0.0152619,0.069757,0.028752685
rs76234502,chr6_12574631_C_A_b38,0.4708242,0.038954,0.054017351
rs76478379,chr6_12574734_T_G_b38,0.0311165,-0.096594,0.044811145
rs11970539,chr6_12575085_T_C_b38,0.9503723,0.00066,0.010604239
rs17616713,chr6_12575217_T_C_b38,0.5944389,0.008105,0.0152231
rs141337467,chr6_12575236_A_C_b38,0.0086718,-0.13743,0.052359693
rs11970595,chr6_12575370_T_A_b38,0.963524099,NA,NA
rs7751296,chr6_12575434_C_T_b38,0.963975,0.000479,0.010605324
rs7770994,chr6_12575488_A_G_b38,0.9612854,0.000515,0.010609673
rs4278011,chr6_12575979_T_C_b38,0.7294078,-0.003779,0.010924699
rs4527705,chr6_12575981_G_A_b38,0.0796209,-0.075868,0.043281667
rs374623238,chr6_12576321_ATTG_A_b38,0.205371972,NA,NA
rs11758335,chr6_12576550_C_T_b38,0.0312026,0.065467,0.030386461
rs80308678,chr6_12576760_C_G_b38,0.03476661,NA,NA
rs114410592,chr6_12576795_C_T_b38,0.1197761,-0.074942,0.048172093
rs72833769,chr6_12576971_T_C_b38,0.4416779,0.016134,0.020970597
rs55758472,chr6_12577047_C_T_b38,0.7155111,-0.003988,0.010942077
rs67471696,chr6_12577862_CTGTT_C_b38,0.368868679,NA,NA
rs4526191,chr6_12578052_T_C_b38,0.8947855,-0.001403,0.010608588
rs4535543,chr6_12578090_G_A_b38,0.8942106,-0.001411,0.010610759
rs9394959,chr6_12578627_A_G_b38,0.3329975,-0.010003,0.010332676
rs10948081,chr6_12579099_T_G_b38,0.8774661,-0.001638,0.010623797
rs9357416,chr6_12579118_G_T_b38,0.8734958,-0.001691,0.010620546
rs79465487,chr6_12579252_GA_G_b38,0.55755839,NA,NA
rs116821912,chr6_12579305_G_A_b38,0.5736788,-0.034708,0.061687554
rs4623230,chr6_12579856_A_C_b38,0.8434824,-0.002095,0.010610762
rs9357418,chr6_12580508_T_C_b38,0.9067165,-0.001368,0.011674232
rs112028902,chr6_12580722_C_T_b38,0.0208314,-0.104348,0.045152233
rs72833774,chr6_12581210_A_T_b38,0.836203496,NA,NA
rs7744769,chr6_12581632_T_C_b38,0.2809807,-0.013536,0.012555201
rs7744797,chr6_12581689_T_C_b38,0.3352349,-0.016587,0.01721316
rs73726311,chr6_12582684_T_C_b38,0.3379692,-0.016585,0.017308756
rs75262760,chr6_12582704_C_T_b38,0.0358912,0.066445,0.031668256
rs9357419,chr6_12582755_C_T_b38,0.2049657,-0.016206,0.012785492
rs79762234,chr6_12583267_C_G_b38,0.325299814,NA,NA
rs7765505,chr6_12583301_C_T_b38,0.6222013,-0.005376,0.010910576
rs7747213,chr6_12583311_A_G_b38,0.2129678,-0.015741,0.012638845
rs77685499,chr6_12583312_G_A_b38,0.3629408,-0.016007,0.017594446
rs7747215,chr6_12583316_A_G_b38,0.2750296,-0.01386,0.012697504
rs11964296,chr6_12583411_G_A_b38,0.3559388,-0.016248,0.017600963
rs16873023,chr6_12585424_T_C_b38,0.0315241,0.05677,0.02639982
rs78282726,chr6_12586044_G_T_b38,0.0331445,0.056636,0.026585572
rs182420682,chr6_12586364_C_T_b38,0.9976721,0.000178,0.061009173
rs11754568,chr6_12586781_A_G_b38,0.0352347,0.056474,0.026820213
rs67143569,chr6_12586819_G_C_b38,0.880442401,NA,NA
rs9472108,chr6_12586896_C_G_b38,0.404858409,NA,NA
rs7747871,chr6_12587300_G_A_b38,0.0349735,0.056832,0.02695165
rs146981389,chr6_12587461_G_GA_b38,0.115926375,NA,NA
rs149805998,chr6_12587857_G_A_b38,0.045671,0.054855,0.027449167
rs144745411,chr6_12587881_A_G_b38,0.013243,-0.124747,0.050358739
rs144455802,chr6_12588591_G_GA_b38,0.019380695,NA,NA
rs75679253,chr6_12589037_G_A_b38,0.0522079,0.055009,0.02833448
NA,chr6_12589089_T_A_b38,0.579257241,NA,NA
rs116689950,chr6_12589751_T_C_b38,0.0443538,0.055621,0.02766207
rs138171455,chr6_12589957_A_ATAACT_b38,0.019380695,NA,NA
rs78966164,chr6_12590131_G_C_b38,0.045709705,NA,NA
rs372391115,chr6_12590798_CAT_C_b38,0.154488648,NA,NA
rs73354193,chr6_12591093_A_G_b38,0.0311303,0.05974,0.027716393
rs77662762,chr6_12591163_G_A_b38,0.0357533,0.058256,0.027744623
rs189474942,chr6_12591185_T_C_b38,0.0549968,0.063155,0.032912058
rs112181811,chr6_12591186_C_G_b38,0.033077395,NA,NA
rs113439435,chr6_12591199_T_A_b38,0.033337299,NA,NA
rs112361368,chr6_12591210_A_G_b38,0.0332455,0.059099,0.027757662
rs61202327,chr6_12591445_A_G_b38,0.042489,0.056702,0.027949937
rs186621986,chr6_12591461_G_A_b38,0.072541,0.047855,0.026649658
rs11754938,chr6_12591493_C_G_b38,0.0357441,NA,NA
rs73354199,chr6_12591830_G_A_b38,0.059817,0.052804,0.028055298
rs73354201,chr6_12591855_T_C_b38,0.0207181,0.063952,0.027647955
rs191188593,chr6_12592188_G_T_b38,0.0167699,0.070444,0.029453353
rs183395932,chr6_12592192_C_T_b38,0.0143229,0.07258,0.029635843
rs514778,chr6_12593228_A_G_b38,0.4833384,0.010085,0.014387755
rs514018,chr6_12593294_G_T_b38,0.4238312,0.011502,0.014381235
rs2516234,chr6_12593322_G_C_b38,0.433550117,NA,NA
rs526125,chr6_12593375_C_T_b38,0.4837722,0.010075,0.014387752
rs508351,chr6_12593966_A_T_b38,0.474223713,NA,NA
rs112551206,chr6_12594062_T_C_b38,0.0815151,0.085142,0.048877072
rs929127,chr6_12594239_C_A_b38,0.4857459,0.010022,0.014376891
rs11757943,chr6_12594395_G_A_b38,0.0190357,-0.094695,0.04038457
rs35092455,chr6_12594436_A_G_b38,0.6731279,0.009655,0.022886791
rs480619,chr6_12594663_A_T_b38,0.466873385,NA,NA
rs796404141,chr6_12594916_TA_T_b38,0.545907807,NA,NA
rs2516232,chr6_12595000_C_A_b38,0.4944731,0.009795,0.014336699
rs6927364,chr6_12595043_C_T_b38,0.1842771,0.017832,0.013430741
rs563853,chr6_12595277_A_G_b38,0.5055926,0.009542,0.014333438
rs542119,chr6_12596766_G_A_b38,0.471134,0.010301,0.014294334
rs74976184,chr6_12599105_A_C_b38,0.993693551,NA,NA
rs515572,chr6_12599731_T_C_b38,0.1354023,0.020461,0.013703398
rs561480,chr6_12599815_T_C_b38,0.4791356,0.010126,0.014308454
rs55804364,chr6_12600136_C_T_b38,0.0169665,-0.096514,0.04042585
rs143059004,chr6_12600801_G_C_b38,0.0124254,NA,NA
rs55662619,chr6_12600986_G_A_b38,0.0151803,-0.098475,0.040557257
rs482591,chr6_12601001_G_T_b38,0.1553506,0.019065,0.013417707
rs61631432,chr6_12601164_G_A_b38,0.0106614,-0.099509,0.038968042
rs570170,chr6_12601196_T_G_b38,0.5011895,0.009554,0.014204171
rs61527097,chr6_12601229_A_C_b38,0.0175758,-0.09262,0.039007163
rs11968359,chr6_12601867_T_A_b38,0.017297002,NA,NA
rs7739777,chr6_12603159_C_T_b38,0.1449537,-0.018541,0.012720316
rs7739783,chr6_12603163_C_T_b38,0.1367005,-0.018885,0.012689902
rs2504907,chr6_12603169_C_T_b38,0.1282551,-0.017114,0.011251668
rs2516227,chr6_12603293_G_A_b38,0.0801466,-0.019508,0.011148473
rs6933052,chr6_12603670_T_C_b38,0.0002973,-0.138849,0.038381086
rs6928588,chr6_12603785_A_G_b38,0.1147,-0.019606,0.012429193
rs2516226,chr6_12603830_C_G_b38,0.139803502,NA,NA
rs6905435,chr6_12603849_G_T_b38,0.0003946,-0.137902,0.038915032
rs2504908,chr6_12603907_T_C_b38,0.1272001,-0.016845,0.011044188
rs2504909,chr6_12604010_T_C_b38,0.1175565,-0.017282,0.011042017
rs2516225,chr6_12604223_G_A_b38,0.1128815,-0.017473,0.011021377
rs2504910,chr6_12604401_C_T_b38,0.1177221,-0.017281,0.011046361
rs2504911,chr6_12604485_A_G_b38,0.123196,-0.017043,0.011056139
rs2504912,chr6_12604850_T_C_b38,0.0986415,-0.018302,0.011082211
rs34606912,chr6_12605301_G_GA_b38,0.779745156,NA,NA
rs9357424,chr6_12605433_T_A_b38,0.694999296,NA,NA
rs6919482,chr6_12606240_C_T_b38,0.0004901,-0.141371,0.040552653
rs2504914,chr6_12606809_A_G_b38,0.4726503,-0.008711,0.012129381
rs60416937,chr6_12612921_ATTTC_A_b38,0.263341068,NA,NA
rs519167,chr6_12612999_T_C_b38,0.2202021,-0.012187,0.009940531
rs499627,chr6_12613790_A_G_b38,0.4238653,-0.01452,0.018156052
rs481487,chr6_12614802_T_C_b38,0.2425102,-0.013606,0.011641642
rs9349266,chr6_12616752_A_G_b38,0.9567571,-0.000753,0.013886969
rs531602,chr6_12616764_C_T_b38,0.78904,0.002966,0.01108547
rs570054,chr6_12617310_G_A_b38,0.3839286,-0.009179,0.010542328
rs182535414,chr6_12617316_C_T_b38,0.0300398,0.093497,0.04309481
rs569269,chr6_12617349_C_G_b38,0.258277213,NA,NA
rs112655141,chr6_12617908_G_A_b38,0.8495644,-0.007663,0.040400847
rs475457,chr6_12618277_T_C_b38,0.1890144,-0.013084,0.009961169
rs539035,chr6_12618345_G_A_b38,0.1860859,-0.013174,0.009963342
rs471603,chr6_12618738_A_G_b38,0.1993858,-0.01493,0.011634038
rs114330865,chr6_12618894_C_G_b38,0.853357705,NA,NA
rs75580648,chr6_12619165_G_A_b38,0.6189715,0.013198,0.026538857
rs869168647,chr6_12619596_A_AT_b38,0.345794354,NA,NA
rs552018,chr6_12619678_T_C_b38,0.2312707,-0.013875,0.011590588
rs58575809,chr6_12619700_ACTT_A_b38,0.263341068,NA,NA
rs479252,chr6_12620246_A_G_b38,0.253466,-0.013251,0.01160362
rs524305,chr6_12620426_A_G_b38,0.2337137,-0.013866,0.011643814
rs475480,chr6_12620704_T_C_b38,0.2322938,-0.013855,0.011599277
rs574372,chr6_12621043_T_C_b38,0.2149761,-0.014441,0.011645986
rs114115516,chr6_12621679_G_C_b38,0.888832697,NA,NA
rs848781,chr6_12621759_C_T_b38,0.2103323,-0.01255,0.010018743
rs72833782,chr6_12621975_C_T_b38,0.0166861,-0.132182,0.055224195
rs80208809,chr6_12622141_C_T_b38,0.5939899,0.014188,0.026615985
rs12201148,chr6_12622300_T_C_b38,0.98102363,NA,NA
rs538788,chr6_12622568_G_A_b38,0.1901281,-0.0206,0.015722788
rs514781,chr6_12622916_A_C_b38,0.2926764,-0.012305,0.011693783
rs509558,chr6_12623458_A_G_b38,0.2397684,-0.013803,0.01174158
rs496112,chr6_12623618_A_C_b38,0.2174187,-0.012427,0.010075229
rs494385,chr6_12623778_T_C_b38,0.2574065,-0.013272,0.011718767
rs481671,chr6_12624211_T_G_b38,0.269596,-0.013007,0.011781773
rs481669,chr6_12624213_C_T_b38,0.2524638,-0.013463,0.011764393
rs479950,chr6_12624358_A_G_b38,0.2475481,-0.013611,0.011770909
rs479710,chr6_12624437_A_G_b38,0.207921,-0.012763,0.010134974
rs571827,chr6_12625034_G_A_b38,0.174459,-0.016435,0.012102225
rs548752,chr6_12625267_G_A_b38,0.1757225,-0.016409,0.012118518
rs559997,chr6_12625411_A_G_b38,0.1711878,-0.016632,0.012154366
rs2504850,chr6_12625419_G_A_b38,0.9639646,0.000638,0.014121593
rs848776,chr6_12625452_A_G_b38,0.1786706,-0.016324,0.012138071
rs2504851,chr6_12625771_A_G_b38,0.1670072,-0.016895,0.012226059
rs530748,chr6_12626305_A_C_b38,0.1692465,-0.017202,0.012513922
rs483846,chr6_12626340_G_A_b38,0.243296,-0.012416,0.010641179
rs500524,chr6_12627342_C_T_b38,0.5840083,0.005378,0.009822126
rs497757,chr6_12627634_T_C_b38,0.3653231,0.009818,0.0108454
rs67044951,chr6_12627907_GTCC_G_b38,0.342080772,NA,NA
rs2504855,chr6_12628506_T_C_b38,0.3671949,0.009767,0.010831279
rs148734807,chr6_12628712_T_C_b38,0.012308259,NA,NA
rs61414632,chr6_12629157_T_C_b38,0.9132329,0.001576,0.014463804
rs548358,chr6_12629527_T_C_b38,0.632713,0.004664,0.009759124
rs500772,chr6_12629687_A_T_b38,0.611850913,NA,NA
rs183015549,chr6_12629771_T_C_b38,0.0984474,0.079705,0.048235091
rs521986,chr6_12630066_A_G_b38,0.6206672,0.004825,0.009749347
rs141899912,chr6_12630280_G_A_b38,0.0049024,0.146834,0.052191354
rs564684,chr6_12631446_C_T_b38,0.585149,0.005319,0.009743914
rs477433,chr6_12634053_A_G_b38,0.3483931,0.010014,0.0106792
rs485255,chr6_12634189_T_G_b38,0.3740508,0.009517,0.010706356
rs471823,chr6_12634695_T_C_b38,0.3222248,0.010567,0.010674856
rs569190,chr6_12634766_C_T_b38,0.3724783,0.009001,0.010092609
rs556613,chr6_12635196_A_G_b38,0.354201,0.009898,0.010683545
rs7754760,chr6_12636198_G_A_b38,0.3494365,0.009971,0.010656389
NA,chr6_12636408_C_G_b38,0.943654099,NA,NA
rs472072,chr6_12637054_G_A_b38,0.5537916,0.005685,0.009601612
rs554924,chr6_12637814_G_A_b38,0.1444456,0.016104,0.011034412
rs9349277,chr6_12638517_C_T_b38,0.7097135,0.005067,0.013612153
rs397691270,chr6_12638777_C_CAT_b38,0.27222124,NA,NA
rs545057,chr6_12639279_A_G_b38,0.2855841,0.011557,0.010822589
rs9369467,chr6_12640585_C_A_b38,0.1486035,0.016041,0.011105021
rs11756190,chr6_12640680_G_A_b38,0.0006242,-0.074989,0.021920999
rs113654799,chr6_12640770_G_GAA_b38,0.645753979,NA,NA
rs2516213,chr6_12640842_C_T_b38,0.1207549,0.017288,0.011141955
rs2516261,chr6_12641018_A_C_b38,0.928394,-0.001271,0.014143339
rs6907074,chr6_12641352_C_T_b38,0.6549212,0.006126,0.013706657
rs149881267,chr6_12641391_A_G_b38,0.7762157,-0.004066,0.014304106
rs2516260,chr6_12641403_A_G_b38,0.8421197,-0.002813,0.014122701
rs6935762,chr6_12641719_C_T_b38,0.4033765,0.010208,0.012216281
rs114725992,chr6_12641802_G_C_b38,0.584542997,NA,NA
rs12209512,chr6_12642097_T_C_b38,0.3813171,0.01054,0.012039219
rs12214303,chr6_12642203_G_A_b38,0.7296564,0.004236,0.01225756
rs74729749,chr6_12642408_C_T_b38,0.1182553,-0.100337,0.064230528
rs9381301,chr6_12642878_G_A_b38,0.6466325,0.004729,0.010315297
rs9381302,chr6_12642910_C_A_b38,0.7398396,-0.004536,0.013659945
rs145951715,chr6_12643336_A_T_b38,0.477626902,NA,NA
rs9349278,chr6_12643823_A_G_b38,0.5963456,0.005455,0.010299001
rs11366903,chr6_12644463_GA_G_b38,0.705279913,NA,NA
rs747142620,chr6_12644596_G_GTAATAA_b38,0.252973041,NA,NA
rs16873173,chr6_12644708_C_A_b38,0.3582667,-0.03285,0.035758104
rs12665303,chr6_12645449_A_G_b38,0.6317836,0.004911,0.010247947
rs10948129,chr6_12645869_C_G_b38,0.696202102,NA,NA
rs78379268,chr6_12645908_A_G_b38,0.9006022,-0.001706,0.013658856
rs1331479,chr6_12646304_T_G_b38,0.6449604,0.004729,0.010263155
rs1331478,chr6_12646448_C_T_b38,0.741851,0.00338,0.010260983
rs114727632,chr6_12646823_G_A_b38,0.0052931,0.136912,0.049096455
rs2504863,chr6_12646831_G_C_b38,0.539165607,NA,NA
rs9369470,chr6_12646880_A_G_b38,0.6614659,0.004487,0.010246862
rs567464,chr6_12647224_T_C_b38,0.4745648,0.006914,0.009668962
rs2504865,chr6_12648098_G_A_b38,0.5097736,0.006731,0.010211013
rs537309,chr6_12648211_T_A_b38,0.0858802,NA,NA
rs7770530,chr6_12649003_C_A_b38,0.7217306,0.003649,0.010245774
rs763517,chr6_12651017_C_T_b38,0.5309579,0.006382,0.01018603
rs76941853,chr6_12651082_G_A_b38,0.6196939,-0.019922,0.04014232
rs2097550,chr6_12651522_G_C_b38,0.7291881,NA,NA
rs7743353,chr6_12651773_T_C_b38,0.5136025,0.007851,0.012018581
rs2516254,chr6_12652542_A_G_b38,0.5457612,0.006151,0.010181684
rs9369478,chr6_12652780_A_G_b38,0.7160257,0.003724,0.010237085
rs6458380,chr6_12653033_G_C_b38,0.526477509,NA,NA
rs6458381,chr6_12653065_T_C_b38,0.7431546,0.003347,0.010214274
rs6458382,chr6_12653207_T_C_b38,0.5527316,0.006042,0.010177339
rs7768223,chr6_12653538_C_T_b38,0.5367619,0.007463,0.012081584
rs79009759,chr6_12653556_C_G_b38,0.172425688,NA,NA
rs78494334,chr6_12653976_G_A_b38,0.9151758,-0.00471,0.044220195
rs796934732,chr6_12654683_AG_A_b38,0.662671878,NA,NA
rs10948135,chr6_12654870_C_T_b38,0.7069921,0.003833,0.010196892
rs1034550,chr6_12655194_C_G_b38,0.705650301,NA,NA
rs1476058,chr6_12655888_G_A_b38,0.5279112,0.006415,0.010163217
rs4604262,chr6_12656062_C_T_b38,0.7046732,0.003864,0.01019472
rs1360468,chr6_12656483_G_T_b38,0.522817,0.006493,0.010161044
rs12524361,chr6_12656662_C_T_b38,0.6911823,0.004049,0.010192546
rs6936516,chr6_12657286_T_C_b38,0.6485541,0.004643,0.010187116
rs2504871,chr6_12658117_A_G_b38,0.5163224,0.006599,0.010167563
rs9381319,chr6_12658256_T_C_b38,0.7032119,0.003882,0.010189288
rs6914781,chr6_12658465_G_A_b38,0.7057923,0.003847,0.010190374
rs6920445,chr6_12658559_C_T_b38,0.7042618,0.003868,0.010190376
rs6900090,chr6_12658774_A_G_b38,0.7040432,0.003871,0.010190375
rs11427457,chr6_12658824_G_GA_b38,0.662671878,NA,NA
rs6920984,chr6_12658859_C_T_b38,0.7214968,0.003634,0.010194719
rs5874373,chr6_12658885_CTG_C_b38,0.769454697,NA,NA
rs5019532,chr6_12658891_C_A_b38,0.7121065,0.003789,0.0102675
rs2504872,chr6_12658928_T_C_b38,0.5003163,0.006847,0.010158872
rs61634893,chr6_12659109_A_ATTACT_b38,0.650958683,NA,NA
rs5019533,chr6_12659157_G_T_b38,0.6892396,0.004075,0.010190374
rs5019534,chr6_12659178_A_G_b38,0.6254334,0.005017,0.010277276
rs5019535,chr6_12659183_C_G_b38,0.638759008,NA,NA
rs79853322,chr6_12659478_T_G_b38,0.7099786,-0.005067,0.013625186
rs35208883,chr6_12659521_C_A_b38,0.7235648,0.003617,0.010226222
rs35447883,chr6_12659526_G_A_b38,0.7049475,0.003859,0.010191459
rs35215842,chr6_12659608_G_A_b38,0.7090623,0.003803,0.010192548
rs12175870,chr6_12659690_G_C_b38,0.703229489,NA,NA
rs2504874,chr6_12659934_C_T_b38,0.4828883,0.007183,0.010237084
rs10948137,chr6_12660057_C_T_b38,0.6706891,0.005284,0.012427021
rs1548309,chr6_12660318_C_A_b38,0.6929502,0.004022,0.010186028
rs6458386,chr6_12660635_C_T_b38,0.701283,0.003911,0.010195805
rs76905996,chr6_12660807_C_T_b38,0.1830459,-0.04077,0.030621095
rs1331476,chr6_12660809_C_T_b38,0.6415838,-0.018805,0.040398679
rs6458387,chr6_12660876_A_T_b38,0.706948899,NA,NA
rs9369484,chr6_12661388_G_A_b38,0.738447,-0.004497,0.013467676
rs9369485,chr6_12661398_C_T_b38,0.7810185,-0.003743,0.013464416
rs9369486,chr6_12661418_C_A_b38,0.7525332,-0.004245,0.013463329
NA,chr6_12661575_C_G_b38,0.726188609,NA,NA
rs1034549,chr6_12661676_A_G_b38,0.7468081,-0.004347,0.013464417
rs1034548,chr6_12661946_G_A_b38,0.7375354,-0.004514,0.013469846
rs11427458,chr6_12662220_A_AT_b38,0.769454697,NA,NA
rs141150095,chr6_12662367_T_C_b38,0.0363746,-0.070069,0.033482342
rs115402535,chr6_12662404_T_C_b38,0.9547439,-0.004105,0.07233409
rs76407304,chr6_12662632_T_C_b38,0.7500728,-0.004289,0.013464414
rs2504880,chr6_12662693_C_T_b38,0.4167469,0.009865,0.012147849
rs149058363,chr6_12662716_C_T_b38,0.6479108,-0.006243,0.013670809
rs7749310,chr6_12662743_G_A_b38,0.7486455,-0.004314,0.013463331
rs7749636,chr6_12662931_G_C_b38,0.72874619,NA,NA
rs567644,chr6_12663201_A_G_b38,0.0969897,0.019081,0.011497168
rs2516250,chr6_12663618_T_C_b38,0.498663,0.008142,0.012033788
rs77996268,chr6_12663832_G_T_b38,0.7536048,-0.004226,0.013463328
rs76873730,chr6_12663872_G_T_b38,0.7536048,-0.004226,0.013463328
rs75242061,chr6_12663886_A_G_b38,0.7593283,-0.004124,0.013461157
rs2327588,chr6_12664327_A_G_b38,0.8177779,-0.003099,0.013450291
rs4412197,chr6_12664339_A_G_b38,0.7618166,-0.004082,0.013467674
rs2327589,chr6_12664350_C_T_b38,0.7699211,-0.003939,0.013467674
rs78552097,chr6_12664670_G_C_b38,0.385316303,NA,NA
rs9381326,chr6_12664730_T_G_b38,0.7621949,-0.004074,0.013463329
rs916432,chr6_12664789_C_T_b38,0.7605724,-0.004103,0.013464413
rs916431,chr6_12665163_T_C_b38,0.7660823,-0.004007,0.013468758
rs58030110,chr6_12665537_T_C_b38,0.7739294,-0.00387,0.013473106
rs60283491,chr6_12665586_T_C_b38,0.7993332,-0.003425,0.013473104
rs59359400,chr6_12665662_G_GT_b38,0.769454697,NA,NA
rs57396158,chr6_12665683_G_C_b38,0.771143398,NA,NA
rs16873272,chr6_12665764_G_A_b38,0.7709911,-0.003923,0.013477453
rs9367198,chr6_12665861_A_G_b38,0.7641339,-0.004044,0.013477453
rs59836753,chr6_12666072_GGCTTCACTCTTC_G_b38,0.769454697,NA,NA
rs4283873,chr6_12666419_T_A_b38,0.692052397,NA,NA
rs4605867,chr6_12666459_G_A_b38,0.6921061,-0.005439,0.013734899
rs4623237,chr6_12666467_T_G_b38,0.6957768,-0.005372,0.013738159
rs114310856,chr6_12666843_A_T_b38,0.08176451,NA,NA
rs2516248,chr6_12667187_C_G_b38,0.349709606,NA,NA
rs150107746,chr6_12667453_A_G_b38,0.587329,-0.007819,0.014407307
rs2504882,chr6_12667477_T_C_b38,0.4806139,0.008565,0.012143501
rs140348245,chr6_12667489_C_T_b38,0.7049992,-0.005296,0.013989088
rs35328329,chr6_12667572_G_A_b38,0.0955075,-0.06321,0.037917626
rs76678179,chr6_12667597_C_T_b38,0.8050231,-0.003424,0.013870684
rs141907155,chr6_12667734_T_C_b38,0.7052728,-0.00538,0.01422481
rs139741455,chr6_12667954_G_A_b38,0.8575232,-0.002497,0.013908701
rs143213656,chr6_12668033_C_T_b38,0.5433831,-0.00957,0.015747771
rs189842397,chr6_12668104_C_T_b38,0.3365304,-0.018737,0.01949652
rs191228068,chr6_12668346_T_C_b38,0.2787123,-0.029218,0.026973369
rs13210981,chr6_12668355_T_G_b38,0.8874465,-0.002277,0.016087777
rs72653731,chr6_12668424_G_A_b38,0.5423918,0.007419,0.012178264
rs74457687,chr6_12668446_C_T_b38,0.9653891,0.000599,0.013804406
rs113975320,chr6_12668459_T_C_b38,0.9873534,0.000219,0.013816314
rs2516246,chr6_12668475_A_C_b38,0.4205016,0.008313,0.01031964
rs113387853,chr6_12668479_C_T_b38,0.9720749,-0.000484,0.013826173
rs76549829,chr6_12668536_T_C_b38,0.8513968,-0.002547,0.013595855
rs116496729,chr6_12668579_G_A_b38,0.8692213,-0.00238,0.014455108
rs113670010,chr6_12668583_A_C_b38,0.824864,-0.003163,0.014293242
rs114170428,chr6_12668730_T_G_b38,0.8393774,-0.002752,0.01357739
rs1854883,chr6_12668769_A_G_b38,0.3154427,0.012209,0.012161969
rs140264450,chr6_12668805_T_C_b38,0.7843751,-0.003798,0.013880461
rs144122711,chr6_12668883_T_C_b38,0.5685343,-0.008017,0.014059698
rs1854882,chr6_12668917_C_T_b38,0.4718147,0.007888,0.010962718
rs141150884,chr6_12668926_T_C_b38,0.864614,-0.002568,0.015061254
rs150161264,chr6_12668986_A_G_b38,0.7182146,-0.005229,0.014490948
rs138629443,chr6_12668998_C_T_b38,0.8614121,-0.002632,0.01507645
rs149142795,chr6_12669012_A_C_b38,0.8521711,-0.002836,0.015218758
rs143212921,chr6_12669025_T_C_b38,0.7968807,-0.003902,0.015160101
rs184267799,chr6_12669177_A_C_b38,0.5942551,-0.007888,0.014808139
rs74635590,chr6_12669204_A_C_b38,0.769454697,NA,NA
rs2516244,chr6_12669271_T_C_b38,0.967367535,NA,NA
rs372971654,chr6_12669583_CT_C_b38,0.769454697,NA,NA
rs200875123,chr6_12669647_C_T_b38,0.890537524,NA,NA
rs112445801,chr6_12669762_T_G_b38,0.8574321,-0.002451,0.013643655
rs144441153,chr6_12669830_C_T_b38,0.8632118,-0.002351,0.013645824
rs11752323,chr6_12669948_G_A_b38,0.9330164,-0.001183,0.014074897
rs56156364,chr6_12670133_C_T_b38,0.4563771,0.009366,0.012574754
rs2516243,chr6_12670272_T_C_b38,0.2144505,0.015295,0.012320565
rs2504886,chr6_12670569_G_A_b38,0.504573738,NA,NA
rs55914090,chr6_12670582_C_T_b38,0.504573738,NA,NA
rs9369493,chr6_12670708_A_G_b38,0.7036275,0.005283,0.013886979
rs143974552,chr6_12671008_C_T_b38,0.956550313,NA,NA
rs145974720,chr6_12671009_A_G_b38,0.8722605,-0.009217,0.057323983
rs199825070,chr6_12671278_C_T_b38,0.203178699,NA,NA
rs9395029,chr6_12671347_G_A_b38,0.598343,0.007807,0.014820092
rs12526534,chr6_12671601_C_G_b38,0.596189186,NA,NA
rs12529807,chr6_12671602_G_A_b38,0.596189186,NA,NA
rs12529821,chr6_12671691_G_A_b38,0.512861932,NA,NA
rs12526574,chr6_12671840_C_T_b38,0.666448681,NA,NA
rs12529852,chr6_12671877_G_A_b38,0.667486739,NA,NA
rs2516242,chr6_12672420_A_C_b38,0.5686419,0.00705,0.012367275
rs2516241,chr6_12672517_T_C_b38,0.5683261,0.007057,0.01236945
rs2516240,chr6_12672540_G_A_b38,0.553595,0.007321,0.012358585
rs2327590,chr6_12672781_C_T_b38,0.5875854,0.006699,0.012352066
rs138458722,chr6_12672963_A_G_b38,0.3586236,-0.014568,0.015869437
rs116592302,chr6_12674510_C_T_b38,0.8880398,0.003563,0.025308095
rs2068602,chr6_12678013_A_C_b38,0.6980393,-0.0057,0.014691912
rs766546,chr6_12678242_A_G_b38,0.3889757,0.008892,0.010321815
rs144502328,chr6_12678887_A_G_b38,0.0043875,0.141293,0.04959618
rs7770215,chr6_12678906_C_T_b38,0.5532026,0.006154,0.010378302
rs12196110,chr6_12679672_A_G_b38,0.7043205,0.004777,0.012587789
rs2504887,chr6_12679897_G_A_b38,0.4127944,0.008481,0.010355488
rs9381342,chr6_12680067_G_A_b38,0.6670764,0.005762,0.013394894
rs71752760,chr6_12680800_GAT_G_b38,0.676125399,NA,NA
rs200482663,chr6_12680806_T_TAC_b38,0.705910797,NA,NA
rs56095695,chr6_12681449_C_T_b38,0.5670321,0.007787,0.013603459
rs6922395,chr6_12682451_C_T_b38,0.4938923,0.007086,0.010357662
rs116827259,chr6_12682612_T_A_b38,0.668974899,NA,NA
rs112057131,chr6_12682847_T_G_b38,0.7083669,0.021336,0.057040458
rs112444553,chr6_12683658_C_T_b38,0.7008685,0.021917,0.057053478
rs10948153,chr6_12683866_T_C_b38,0.596864,0.006759,0.012778977
rs11969806,chr6_12684145_C_T_b38,0.6831139,0.005237,0.012828941
rs522348,chr6_12684660_G_A_b38,0.3480475,0.009432,0.010051331
rs72833792,chr6_12684852_A_G_b38,0.0145536,-0.075496,0.030899185
rs35601272,chr6_12685077_G_A_b38,0.7399647,-0.010687,0.032199449
rs143754398,chr6_12685149_G_C_b38,0.650466803,NA,NA
rs6924738,chr6_12685857_A_G_b38,0.8438884,-0.002005,0.010181685
rs13192860,chr6_12686311_G_C_b38,0.686161691,NA,NA
rs572994,chr6_12686624_C_T_b38,0.3071611,0.01023,0.010017655
rs12200911,chr6_12686895_T_C_b38,0.80395966,NA,NA
rs6941179,chr6_12687608_T_C_b38,0.7492234,-0.009719,0.030403841
rs62387018,chr6_12687889_C_T_b38,0.0122487,-0.134214,0.053580644
rs9349301,chr6_12689407_G_A_b38,0.6908445,0.004989,0.012544339
rs6905882,chr6_12689499_T_C_b38,0.5898342,-0.008142,0.015103613
rs34619833,chr6_12690226_A_T_b38,0.592916082,NA,NA
rs7745298,chr6_12690468_A_C_b38,0.8190697,-0.002325,0.010164304
rs17802521,chr6_12691193_T_C_b38,0.595384,-0.00809,0.015233965
rs71553218,chr6_12691750_C_T_b38,0.6372818,-0.015345,0.032544883
rs2327591,chr6_12691907_C_T_b38,0.5924173,-0.008089,0.015110128
rs558134,chr6_12693222_C_T_b38,0.2001399,0.012759,0.009958997
rs9357455,chr6_12693654_C_T_b38,0.7915295,0.003302,0.012492197
rs7740954,chr6_12693660_T_C_b38,0.7256745,-0.010807,0.030799251
rs56177506,chr6_12694603_G_T_b38,0.6466078,-0.006975,0.015213321
rs36021581,chr6_12694964_T_G_b38,0.6543195,-0.013736,0.030676492
rs13209600,chr6_12695478_C_T_b38,0.5035976,-0.021816,0.03261767
rs471799,chr6_12695739_C_A_b38,0.4923643,0.007569,0.011024637
rs115859056,chr6_12695802_C_T_b38,0.0019576,0.103069,0.03328467
rs79475784,chr6_12696439_T_C_b38,0.722279154,NA,NA
rs148923259,chr6_12696501_C_CTG_b38,0.07218509,NA,NA
rs77321263,chr6_12696648_T_C_b38,0.5574484,-0.009091,0.01549684
rs9357456,chr6_12696975_G_C_b38,0.669744596,NA,NA
rs9357457,chr6_12696986_T_C_b38,0.6722929,-0.004385,0.010366351
rs9357458,chr6_12697334_T_G_b38,0.6341275,0.005965,0.012533476
rs12214845,chr6_12697354_G_A_b38,0.8125637,0.003093,0.013044028
rs13191232,chr6_12698313_G_A_b38,0.6174294,-0.015115,0.030260451
rs115416751,chr6_12698972_G_A_b38,0.2945054,0.027456,0.026191246
rs144912820,chr6_12699423_A_C_b38,0.80395966,NA,NA
rs147528593,chr6_12699424_A_G_b38,0.80395966,NA,NA
rs35169421,chr6_12699923_C_T_b38,0.4866123,-0.022647,0.032552493
rs34851896,chr6_12700070_A_G_b38,0.541212,-0.018764,0.030711255
rs13199399,chr6_12700150_G_A_b38,0.5544534,-0.018147,0.030700387
rs34278118,chr6_12700216_G_A_b38,0.5374238,-0.018932,0.030698217
rs34190546,chr6_12700290_G_A_b38,0.5310476,-0.019233,0.030703649
rs74916310,chr6_12700647_C_T_b38,0.53028,-0.019271,0.030706907
rs34104212,chr6_12700782_T_G_b38,0.5288153,-0.019339,0.030705817
rs13204565,chr6_12701144_C_T_b38,0.531398,-0.019203,0.030681924
rs369683397,chr6_12701219_A_ACC_b38,0.38657743,NA,NA
rs78247434,chr6_12701452_T_C_b38,0.5158911,-0.010071,0.015501189
rs72833794,chr6_12701790_C_T_b38,0.6229143,-0.031596,0.064255525
rs10948174,chr6_12702938_T_A_b38,0.462486806,NA,NA
rs10948175,chr6_12703463_T_C_b38,0.80395966,NA,NA
rs116311469,chr6_12704134_C_T_b38,0.5408445,-0.018795,0.030734064
rs7743966,chr6_12704410_C_G_b38,0.53530978,NA,NA
rs12206734,chr6_12704948_C_T_b38,0.80395966,NA,NA
rs7768249,chr6_12704976_A_G_b38,0.575294,-0.017203,0.030704737
rs35192396,chr6_12705255_C_T_b38,0.8046797,-0.007465,0.030186584
rs75618813,chr6_12705973_A_G_b38,0.9299304,-0.00272,0.03093285
rs112274031,chr6_12706044_G_C_b38,0.813654198,NA,NA
rs35076245,chr6_12706811_A_AC_b38,0.213284548,NA,NA
rs534934,chr6_12707308_A_T_b38,0.002425399,NA,NA
rs10948184,chr6_12709407_T_G_b38,0.3959474,0.053874,0.063464712
rs1412000,chr6_12711557_C_T_b38,0.164095,0.018564,0.013341668
rs34195861,chr6_12712271_C_T_b38,0.2334861,-0.036211,0.030392972
rs570678,chr6_12712284_G_A_b38,0.0637422,0.018208,0.00982104
rs16873299,chr6_12713192_C_T_b38,0.2662251,-0.039478,0.035508255
rs142346229,chr6_12714462_C_A_b38,0.9140522,0.008076,0.074827136
rs71553222,chr6_12715289_A_G_b38,0.2529862,-0.015697,0.013731642
rs71562454,chr6_12715305_G_A_b38,0.3014658,-0.029609,0.02865493
rs16873301,chr6_12715361_C_T_b38,0.2894621,-0.014447,0.013638222
rs151270219,chr6_12715385_CT_C_b38,0.868826267,NA,NA
rs511574,chr6_12716290_T_G_b38,0.0421689,0.022524,0.011085467
NA,chr6_12716327_T_A_b38,0.0090231,NA,NA
rs113721308,chr6_12716511_C_A_b38,0.2452982,-0.067268,0.05789754
rs475543,chr6_12717924_A_G_b38,0.016264,0.023461,0.00976347
rs72833795,chr6_12718261_C_T_b38,0.0370891,-0.055253,0.026503012
rs9472419,chr6_12718269_C_T_b38,0.0031995,0.0276,0.009362626
rs553244,chr6_12719160_C_T_b38,0.6550457,0.005517,0.012348811
rs9472422,chr6_12719310_G_A_b38,0.0089059,0.024495,0.009364801
rs139582144,chr6_12719694_C_T_b38,0.0231058,0.071,0.031254391
rs522923,chr6_12720167_T_C_b38,0.0375827,0.022057,0.010607503
rs76945808,chr6_12720579_G_A_b38,0.1760222,-0.050332,0.037197417
rs6911996,chr6_12720819_A_G_b38,0.3856028,-0.015319,0.017656362
rs9472428,chr6_12721941_G_A_b38,0.0079375,0.024933,0.009391962
rs112254077,chr6_12722096_T_A_b38,0.016942605,NA,NA
rs560810,chr6_12722755_G_T_b38,0.014247,0.023938,0.009766727
rs9357466,chr6_12722810_G_A_b38,0.4920279,-0.012174,0.01771828
rs56973401,chr6_12723517_A_AG_b38,0.004257957,NA,NA
rs114612329,chr6_12725146_G_A_b38,0.076946206,NA,NA
rs111929574,chr6_12725184_C_T_b38,0.8745128,0.009482,0.060039665
rs581046,chr6_12725709_G_A_b38,0.0190594,0.022935,0.009783024
rs524453,chr6_12727249_G_A_b38,0.0180506,0.024435,0.010333766
rs522582,chr6_12727483_A_G_b38,0.0350266,0.02142,0.010161045
rs77309703,chr6_12727620_A_C_b38,0.6928119,0.015824,0.0400565
rs12530470,chr6_12727925_G_C_b38,0.194074703,NA,NA
rs9367216,chr6_12728045_C_A_b38,0.5458955,-0.01077,0.017833429
rs9463067,chr6_12728193_C_T_b38,0.0108986,0.024033,0.00943976
rs186756111,chr6_12728333_A_C_b38,0.9982986,-0.000139,0.065185062
rs149793324,chr6_12728393_G_A_b38,0.6857513,0.016215,0.040073889
rs491451,chr6_12728586_C_T_b38,0.7017086,0.004751,0.012404212
rs576893,chr6_12729033_T_C_b38,0.0356968,0.022234,0.010585782
rs75009070,chr6_12729383_G_A_b38,0.6796148,0.016555,0.040085829
rs201547767,chr6_12730455_AT_A_b38,0.661689744,NA,NA
rs570295,chr6_12731863_A_G_b38,0.0018355,0.032,0.010270783
rs78969407,chr6_12731874_C_T_b38,0.6684488,0.017193,0.040144494
rs373612026,chr6_12732308_A_AT_b38,0.002577112,NA,NA
rs510620,chr6_12733813_A_T_b38,0.0013357,NA,NA
rs509746,chr6_12733907_G_A_b38,0.0041578,0.028959,0.010104557
rs57163385,chr6_12733908_TA_T_b38,0.000313729,NA,NA
rs145848070,chr6_12734279_C_T_b38,0.6385877,0.018913,0.040268326
rs522117,chr6_12734339_C_G_b38,0.0013883,NA,NA
rs9472446,chr6_12734659_G_A_b38,0.000632,0.032951,0.009641854
rs146918386,chr6_12735016_T_C_b38,0.0110548,-0.090595,0.035653823
rs9463072,chr6_12735096_C_T_b38,0.0005933,0.033165,0.00965598
rs11353622,chr6_12735225_TC_T_b38,0.001447219,NA,NA
rs476337,chr6_12735244_C_T_b38,0.0056855,0.027937,0.010102377
rs539133,chr6_12736790_C_G_b38,0.765943504,NA,NA
rs114366977,chr6_12737308_T_C_b38,0.066852921,NA,NA
rs1319686,chr6_12737333_C_T_b38,0.3974386,-0.01552,0.018340717
rs797015797,chr6_12739090_TTG_T_b38,0.96320881,NA,NA
rs988309,chr6_12740310_C_G_b38,0.172835316,NA,NA
rs79022910,chr6_12742849_A_G_b38,0.2077285,-0.024624,0.0195454
rs35759933,chr6_12744169_GA_G_b38,0.000313729,NA,NA
rs75287265,chr6_12744773_T_C_b38,0.5104525,0.027071,0.041133006
rs116590688,chr6_12745336_G_T_b38,0.2648062,-0.067246,0.06030473
rs9395089,chr6_12746186_G_A_b38,0.764286,-0.003298,0.010998564
rs868483,chr6_12747625_C_A_b38,0.000568,-0.035244,0.01022617
rs74461165,chr6_12748393_C_A_b38,0.1666464,-0.051903,0.03752765
rs78881041,chr6_12748893_C_T_b38,0.5874156,0.023049,0.042479984
rs6458438,chr6_12750489_C_T_b38,0.0027432,-0.031117,0.010389168
rs6458439,chr6_12750701_T_C_b38,0.0004341,-0.035854,0.010190326
rs997711,chr6_12750999_T_C_b38,1.31E-05,-0.044303,0.010164903
rs112886125,chr6_12751347_T_C_b38,0.0944627,0.039798,0.023798182
rs1332851,chr6_12752093_C_T_b38,0.2731403,-0.021594,0.019705082
NA,chr6_12752176_C_G_b38,0.0008053,NA,NA
rs112572980,chr6_12752535_A_G_b38,0.0059179,0.071521,0.025985941
rs13194503,chr6_12752824_A_G_b38,0.3054816,0.049076,0.04789075
rs114989479,chr6_12752830_G_T_b38,0.6940911,0.018747,0.047664785
rs75903935,chr6_12753549_C_T_b38,0.000145,0.099352,0.026148842
rs78301356,chr6_12754182_A_C_b38,0.714164,-0.007137,0.019485654
rs9357486,chr6_12754755_T_C_b38,0.586235,-0.01023,0.01879478
rs9395098,chr6_12755033_A_C_b38,0.5010197,-0.012733,0.018922962
rs1412747,chr6_12756335_G_A_b38,1.13E-05,-0.046484,0.010586986
rs1412748,chr6_12756426_T_A_b38,3.99E-06,NA,NA
rs398000497,chr6_12756933_G_GT_b38,0.139989341,NA,NA
rs9369560,chr6_12757190_C_T_b38,0.0060044,0.02964,0.010787828
rs9472484,chr6_12757980_T_C_b38,0.1809738,-0.025002,0.018689413
rs2327616,chr6_12758422_C_T_b38,7.04E-08,-0.056964,0.010568171
rs72835661,chr6_12758439_C_T_b38,0.0022129,-0.04308,0.014078139
rs77636117,chr6_12758709_A_T_b38,0.938266597,NA,NA
rs115854392,chr6_12759600_A_T_b38,0.202027707,NA,NA
rs183300263,chr6_12760536_G_T_b38,0.3363985,0.047533,0.049446291
rs74863610,chr6_12761940_C_T_b38,0.0028743,-0.113277,0.038001313
rs17616767,chr6_12762422_G_T_b38,0.1163158,-0.028958,0.01843957
rs13217579,chr6_12762582_T_G_b38,5.59E-08,-0.055527,0.010223249
rs144733939,chr6_12763052_A_G_b38,0.26520157,NA,NA
rs12526812,chr6_12763607_A_G_b38,0.117706,-0.028697,0.018342891
rs144586264,chr6_12763912_TATTA_T_b38,1.73E-06,NA,NA
rs6916397,chr6_12764054_G_A_b38,3.10E-09,-0.058034,0.009792763
rs6916418,chr6_12764084_G_A_b38,3.26E-09,-0.057953,0.009792767
rs6916421,chr6_12764089_G_A_b38,2.94E-09,-0.058114,0.009791886
rs4285318,chr6_12764513_T_G_b38,0.1076336,-0.029521,0.018348321
rs4583985,chr6_12764523_C_T_b38,0.1008238,-0.030134,0.018364615
rs6922482,chr6_12765093_G_A_b38,2.27E-07,-0.05297,0.01023427
rs73722820,chr6_12765440_T_G_b38,0.1121046,-0.029019,0.018264679
NA,chr6_12766378_G_C_b38,0.177117214,NA,NA
rs4711817,chr6_12767809_G_C_b38,0.109636691,NA,NA
rs12202891,chr6_12767986_C_T_b38,9.65E-09,0.076537,0.013341483
rs112366659,chr6_12768288_G_A_b38,0.1012923,-0.030025,0.018323338
rs77482904,chr6_12768543_G_A_b38,0.1096157,-0.029342,0.018339634
rs398000498,chr6_12768567_A_AT_b38,8.18E-09,NA,NA
rs115874730,chr6_12768762_C_A_b38,0.0088375,-0.107891,0.041206869
rs4293998,chr6_12768783_T_C_b38,0.1091567,-0.02938,0.018339632
rs1572000,chr6_12769255_G_A_b38,3.22E-09,-0.058044,0.009804779
rs113030748,chr6_12769497_T_C_b38,0.0578558,0.057136,0.030122487
rs9463091,chr6_12769803_T_C_b38,0.1057685,-0.029661,0.018337459
rs114246856,chr6_12769962_T_C_b38,0.048371369,NA,NA
rs10948235,chr6_12770591_T_C_b38,1.60E-07,-0.053321,0.010174474
rs17678734,chr6_12770611_T_C_b38,0.0957685,-0.03048,0.018298356
rs9463093,chr6_12770830_T_C_b38,0.1115011,-0.029061,0.018260337
rs1572001,chr6_12770997_A_G_b38,0.1059951,-0.02964,0.018336376
rs4577783,chr6_12772692_C_G_b38,0.119798491,NA,NA
rs17678784,chr6_12773249_T_C_b38,0.026323,-0.063056,0.028385535
rs950720,chr6_12773758_C_T_b38,1.56E-07,-0.053406,0.010181622
rs950719,chr6_12773982_G_A_b38,0.1137548,-0.028876,0.018258162
rs1412749,chr6_12774131_C_G_b38,2.76E-09,NA,NA
rs6930661,chr6_12774379_T_C_b38,0.2454955,-0.021608,0.018605772
rs56244510,chr6_12774541_A_G_b38,0.1077711,-0.029492,0.018337458
rs56259669,chr6_12774690_G_A_b38,0.1073064,-0.029531,0.018337463
rs73722822,chr6_12774988_G_A_b38,0.1093561,-0.02936,0.018337462
rs73722823,chr6_12774991_C_G_b38,0.112890508,NA,NA
rs35231467,chr6_12775182_AT_A_b38,5.55E-07,NA,NA
rs143600396,chr6_12775265_C_CA_b38,0.130001938,NA,NA
rs6941422,chr6_12775521_T_C_b38,4.95E-09,-0.057252,0.0097886
rs9472511,chr6_12775690_C_T_b38,0.1105114,-0.029263,0.018336376
rs6941624,chr6_12775698_T_C_b38,1.70E-07,-0.053033,0.010141188
rs9472512,chr6_12775797_A_G_b38,0.1197266,-0.028508,0.018322253
rs9472513,chr6_12775835_C_G_b38,0.110341007,NA,NA
rs9472514,chr6_12775980_G_A_b38,0.1107429,-0.029244,0.018336372
rs145383608,chr6_12776168_A_T_b38,0.418565709,NA,NA
rs12191395,chr6_12776794_T_G_b38,0.2698127,-0.036365,0.032954414
rs7757205,chr6_12777217_G_A_b38,6.48E-09,-0.056659,0.009762273
rs7758513,chr6_12777339_C_T_b38,2.45E-07,-0.052528,0.010176919
rs9472519,chr6_12777491_A_G_b38,0.1190427,-0.029167,0.018711137
rs9463105,chr6_12777558_C_A_b38,0.1115491,-0.029166,0.01832877
rs11758650,chr6_12777877_C_A_b38,1.89E-07,-0.052744,0.010123912
rs11753864,chr6_12777986_G_A_b38,1.89E-07,-0.052743,0.01012372
rs9463106,chr6_12778632_G_A_b38,4.64E-09,-0.056948,0.009718762
rs13215290,chr6_12779407_C_T_b38,0.2756031,-0.020099,0.018435223
rs796736092,chr6_12779464_GTTAA_G_b38,4.12E-07,NA,NA
rs116617880,chr6_12779618_T_G_b38,0.0072757,0.112612,0.041957493
rs6922969,chr6_12779800_T_C_b38,4.20E-09,-0.057092,0.009715939
rs6938417,chr6_12779953_G_A_b38,3.99E-09,-0.057167,0.009714667
rs1572002,chr6_12780758_G_A_b38,5.20E-09,-0.056758,0.009717767
NA,chr6_12780784_A_T_b38,0.9029524,NA,NA
rs9472528,chr6_12781121_A_G_b38,0.1143661,-0.028913,0.018312476
rs9381391,chr6_12781184_T_C_b38,5.80E-07,0.048687,0.009741764
NA,chr6_12782286_C_G_b38,0.113658003,NA,NA
rs9463110,chr6_12782370_T_G_b38,4.54E-09,-0.056945,0.009712255
rs12525210,chr6_12782443_G_A_b38,0.1135922,-0.028999,0.018327683
rs7760140,chr6_12782736_G_T_b38,1.86E-07,-0.052712,0.01011201
rs9296464,chr6_12784061_T_C_b38,1.82E-07,-0.052749,0.010111291
rs2327617,chr6_12784791_C_T_b38,2.18E-07,-0.053705,0.01036117
rs10948244,chr6_12785853_T_C_b38,7.32E-07,-0.051013,0.01030009
rs9472549,chr6_12786005_C_A_b38,0.1136864,-0.028988,0.018325509
rs9472551,chr6_12786040_C_A_b38,4.89E-09,-0.056762,0.009701458
rs10948247,chr6_12786279_C_A_b38,1.90E-07,-0.052647,0.010107194
rs1412751,chr6_12787015_G_A_b38,4.23E-09,-0.057021,0.009705804
rs13211722,chr6_12787094_A_C_b38,0.2753442,-0.020066,0.018395033
rs944766,chr6_12787217_C_T_b38,4.02E-09,-0.057109,0.009706854
rs55674017,chr6_12787401_T_C_b38,0.1439002,0.07798,0.05335906
rs883947,chr6_12787482_C_T_b38,1.76E-07,-0.05277,0.010103293
rs944767,chr6_12787797_C_G_b38,7.40E-06,NA,NA
rs2015761,chr6_12788011_A_C_b38,0.1112893,-0.029182,0.018325513
rs2015764,chr6_12788051_G_A_b38,4.67E-09,-0.056868,0.009706882
rs398000502,chr6_12788255_TA_T_b38,4.47E-09,NA,NA
rs1412752,chr6_12788544_A_T_b38,2.32E-06,NA,NA
rs6458460,chr6_12788806_C_A_b38,4.29E-09,-0.057006,0.009707106
rs34352227,chr6_12788880_A_G_b38,0.0086157,-0.088093,0.033534479
rs6458461,chr6_12788959_C_T_b38,4.31E-09,-0.056986,0.009704974
rs73722844,chr6_12789090_T_C_b38,0.0889657,-0.031733,0.018656823
rs73722845,chr6_12789091_G_A_b38,0.0928108,-0.031363,0.018660083
rs9472558,chr6_12789423_C_T_b38,2.16E-07,-0.052374,0.010101036
rs2095123,chr6_12789847_A_G_b38,2.25E-07,-0.052342,0.010109708
rs2327619,chr6_12790121_G_A_b38,2.21E-07,-0.052342,0.010103178
rs7747656,chr6_12790640_A_G_b38,2.32E-07,-0.052257,0.010104455
rs1412753,chr6_12790975_G_C_b38,2.21E-07,NA,NA
rs4714866,chr6_12791570_G_A_b38,4.30E-09,-0.056981,0.009703487
rs4714868,chr6_12791646_T_C_b38,4.31E-09,-0.056979,0.009703782
rs9463114,chr6_12794310_G_A_b38,0.1062116,-0.029662,0.018361359
rs73722849,chr6_12794777_G_A_b38,0.1039869,-0.029923,0.018404811
rs10807323,chr6_12794799_G_A_b38,1.01E-14,0.072257,0.009337954
rs59476456,chr6_12795224_AAGAG_A_b38,2.25E-06,NA,NA
rs6924150,chr6_12795389_C_T_b38,4.38E-09,-0.056945,0.009702406
rs17679107,chr6_12795801_T_G_b38,0.0348158,-0.058791,0.027856506
rs796420353,chr6_12795876_AT_A_b38,2.50E-09,NA,NA
rs9463117,chr6_12796752_A_G_b38,0.0973935,-0.030384,0.018329857
rs4714870,chr6_12796823_T_G_b38,2.33E-07,-0.052218,0.010098483
rs9463119,chr6_12797264_A_G_b38,0.1075208,-0.029499,0.018328768
rs9472566,chr6_12797708_C_T_b38,0.0884062,-0.031202,0.018312477
rs7757858,chr6_12798245_A_C_b38,5.42E-09,-0.056622,0.009705959
rs9472583,chr6_12799185_C_A_b38,1.98E-07,-0.052565,0.01010631
rs17617207,chr6_12800100_G_A_b38,3.84E-09,-0.057286,0.009724421
rs16873383,chr6_12800211_A_T_b38,4.44E-07,NA,NA
rs12530186,chr6_12800458_T_C_b38,2.27E-07,-0.052337,0.010111969
rs2876298,chr6_12800495_A_C_b38,0.2140846,0.022201,0.017869274
rs12523719,chr6_12800592_T_G_b38,1.69E-07,-0.052913,0.010116131
NA,chr6_12800642_A_T_b38,2.21E-07,NA,NA
rs111429297,chr6_12800713_C_T_b38,0.7169157,-0.015978,0.044067034
rs9472590,chr6_12800872_C_G_b38,2.09E-07,NA,NA
rs6917492,chr6_12801255_C_T_b38,6.16E-08,-0.056512,0.010437943
rs6917493,chr6_12801256_C_G_b38,5.71E-08,NA,NA
rs6916334,chr6_12801362_G_T_b38,2.28E-07,-0.052333,0.010112799
rs62389219,chr6_12801550_C_T_b38,0.3272214,-0.018004,0.018376567
rs9381401,chr6_12801735_A_C_b38,1.55E-15,0.074654,0.009363475
rs13214313,chr6_12802196_G_A_b38,2.18E-07,-0.052431,0.010115381
rs13203774,chr6_12802270_T_C_b38,3.16E-07,-0.051843,0.010138168
rs527355618,chr6_12802286_TTC_T_b38,3.01E-07,NA,NA
rs13203883,chr6_12802328_T_C_b38,1.51E-07,-0.05319,0.010128851
NA,chr6_12802583_G_C_b38,1.84E-07,NA,NA
rs72835681,chr6_12802884_A_G_b38,0.3749448,0.030351,0.03420798
rs9472594,chr6_12802991_C_A_b38,2.13E-07,-0.052473,0.010115046
rs12215445,chr6_12803082_G_A_b38,0.0012084,-0.04167,0.012873469
rs6919327,chr6_12803178_A_G_b38,3.88E-09,-0.057276,0.00972555
rs9463136,chr6_12803184_T_C_b38,2.04E-07,-0.052558,0.01011576
rs9463137,chr6_12803350_G_T_b38,2.16E-07,-0.052453,0.010116272
rs9472595,chr6_12803486_C_T_b38,2.13E-07,-0.052479,0.010116202
rs9463138,chr6_12803560_A_G_b38,1.61E-07,-0.053166,0.010147125
rs1953089,chr6_12804387_C_T_b38,2.33E-07,-0.052377,0.010129232
rs9463140,chr6_12804638_A_G_b38,0.0849506,-0.031664,0.01838091
rs13196135,chr6_12804643_G_A_b38,1.02E-06,-0.050649,0.010362458
rs6935309,chr6_12804650_T_C_b38,2.28E-07,-0.052642,0.01017251
rs6458473,chr6_12804702_G_C_b38,2.33E-07,NA,NA
rs6930873,chr6_12804807_A_T_b38,2.33E-07,NA,NA
rs6909834,chr6_12805350_C_T_b38,2.48E-07,-0.052281,0.010133537
rs1412738,chr6_12805763_A_G_b38,2.48E-07,-0.052323,0.010141678
rs74835780,chr6_12806122_A_T_b38,0.631900804,NA,NA
rs115720303,chr6_12806929_A_G_b38,0.2445382,-0.092583,0.079557919
rs114241888,chr6_12807244_G_T_b38,0.2076685,-0.064903,0.05151022
rs7762417,chr6_12807597_C_T_b38,2.48E-07,-0.052389,0.010154471
rs7762547,chr6_12807645_C_A_b38,3.47E-09,-0.057623,0.009753946
rs10498681,chr6_12808052_C_T_b38,0.0761499,-0.032758,0.018471073
rs148039703,chr6_12808481_T_G_b38,0.0143175,-0.165598,0.067613173
rs147220896,chr6_12809024_T_C_b38,0.0084634,0.13897,0.052780072
rs12525116,chr6_12809508_T_C_b38,0.0864215,-0.031795,0.018543855
rs112478658,chr6_12809770_G_A_b38,0.0559331,0.057531,0.030096416
rs7760286,chr6_12810705_A_G_b38,2.55E-07,-0.052463,0.010179102
rs56270763,chr6_12810713_C_T_b38,0.0709362,-0.033441,0.018517784
rs72835688,chr6_12811723_C_T_b38,0.8083032,-0.006259,0.025798012
rs1011188,chr6_12812716_A_G_b38,0.0773304,-0.032819,0.0185797
rs113751569,chr6_12812984_A_C_b38,0.0995761,0.058606,0.035585382
rs78173848,chr6_12813712_A_G_b38,0.131358,-0.071076,0.047108624
rs62389220,chr6_12814873_C_G_b38,0.512635182,NA,NA
rs62389221,chr6_12814929_A_G_b38,0.5051278,-0.011502,0.017258783
rs2151221,chr6_12816346_C_G_b38,0.068614997,NA,NA
rs7764490,chr6_12817005_A_G_b38,8.11E-09,-0.056209,0.009748088
rs1412740,chr6_12817358_A_G_b38,5.09E-09,-0.057109,0.009771906
rs13215300,chr6_12817376_T_C_b38,0.5583518,-0.010062,0.017191437
rs1412741,chr6_12817435_A_G_b38,1.48E-08,-0.057816,0.010207869
rs13215271,chr6_12817516_A_G_b38,0.5288737,-0.010843,0.017218594
rs4711841,chr6_12817910_G_C_b38,1.52E-08,NA,NA
rs35784087,chr6_12817972_T_C_b38,0.5349223,-0.010687,0.01722294
rs1332840,chr6_12818633_G_C_b38,8.48E-09,NA,NA
rs62389223,chr6_12819173_C_T_b38,0.5942925,-0.0092,0.017272909
rs7776079,chr6_12819340_A_G_b38,4.97E-09,-0.05708,0.009760312
rs150157728,chr6_12820124_A_C_b38,0.120253979,NA,NA
rs114389430,chr6_12820423_G_A_b38,0.4282639,-0.02831,0.035737459
rs9472672,chr6_12821026_A_G_b38,0.2128327,-0.015069,0.012095706
rs6915402,chr6_12821259_T_A_b38,4.21E-05,NA,NA
rs10434854,chr6_12822334_C_T_b38,0.2348751,-0.014371,0.012097878
rs10434855,chr6_12822479_C_A_b38,0.190755,-0.02102,0.016066051
rs7768030,chr6_12822741_A_C_b38,0.2183713,-0.019215,0.015610903
rs111563422,chr6_12822904_G_A_b38,0.0679757,0.068637,0.037605855
rs9381417,chr6_12823588_G_A_b38,0.1988685,-0.020058,0.015611988
rs58666803,chr6_12824031_T_C_b38,0.2576144,-0.017917,0.015827072
rs60954427,chr6_12824032_G_A_b38,0.5473643,-0.010077,0.016747149
rs56408440,chr6_12824468_C_T_b38,0.2464112,-0.014019,0.01209462
rs57387500,chr6_12824660_A_G_b38,0.2336379,-0.0144,0.012090275
rs77664195,chr6_12824762_A_G_b38,0.3586947,-0.014513,0.015811863
rs4142300,chr6_12825540_A_G_b38,0.2360727,-0.014324,0.01208919
rs2026457,chr6_12825573_A_G_b38,4.87E-05,0.038811,0.00955517
rs2026458,chr6_12825642_C_T_b38,1.26E-12,0.06649,0.009366597
rs9349344,chr6_12826247_C_T_b38,5.49E-05,0.038545,0.009555688
rs76780717,chr6_12826408_C_T_b38,0.1913569,-0.108608,0.083124165
rs35278288,chr6_12826468_A_G_b38,0.2689891,-0.017273,0.015626109
rs13215145,chr6_12826938_G_A_b38,0.6346611,-0.008154,0.017159936
rs9349346,chr6_12827102_T_A_b38,2.17E-05,NA,NA
rs796516947,chr6_12827882_AG_A_b38,0.209257626,NA,NA
rs17679286,chr6_12828202_A_G_b38,0.1340379,-0.030712,0.02049698
rs9381427,chr6_12829912_T_C_b38,0.1803273,-0.016342,0.012197817
rs6915585,chr6_12831041_G_A_b38,0.2719147,-0.017212,0.015666301
rs72835693,chr6_12831814_G_A_b38,0.2856851,-0.045236,0.042370279
rs62389228,chr6_12832608_A_G_b38,0.0110436,-0.059322,0.023343021
rs146487222,chr6_12832696_G_A_b38,0.3366085,-0.03101,0.032272233
rs12528956,chr6_12832845_T_C_b38,1.17E-06,-0.0551,0.011335929
rs7741088,chr6_12833890_C_T_b38,0.6631465,-0.007508,0.017237061
rs1571996,chr6_12834482_T_C_b38,0.2568262,-0.017741,0.015645661
rs150503442,chr6_12834907_GT_G_b38,2.01E-12,NA,NA
rs58640099,chr6_12834909_G_A_b38,2.01E-12,NA,NA
rs35247731,chr6_12835258_G_GA_b38,0.144366739,NA,NA
rs6458493,chr6_12835441_G_A_b38,0.1971563,-0.015625,0.012115261
rs12528247,chr6_12835648_C_A_b38,0.0363343,-0.038995,0.018629671
rs6458494,chr6_12835954_T_C_b38,0.2148124,-0.015035,0.012120691
rs80157689,chr6_12835990_C_G_b38,0.210477338,NA,NA
rs7743874,chr6_12837431_T_A_b38,0.437680102,NA,NA
rs74285816,chr6_12837433_T_TGCATTAACAA_b38,0.162323764,NA,NA
rs9395161,chr6_12838102_C_T_b38,0.212245,-0.015148,0.012143503
rs9381435,chr6_12838194_C_T_b38,0.2155918,-0.015031,0.012138071
rs9395162,chr6_12838300_T_A_b38,0.223653519,NA,NA
rs115733757,chr6_12838621_G_C_b38,0.031264049,NA,NA
rs9463187,chr6_12838944_A_C_b38,1.49E-06,-0.054398,0.011303311
rs1412742,chr6_12839872_G_A_b38,0.0637521,-0.023101,0.012460694
NA,chr6_12839880_C_G_b38,0.056614006,NA,NA
rs16873431,chr6_12840276_T_C_b38,0.0613612,-0.023343,0.012476991
rs397721999,chr6_12840305_G_GA_b38,0.053092349,NA,NA
NA,chr6_12840645_C_G_b38,0.057205892,NA,NA
rs16873436,chr6_12840801_G_C_b38,0.056660195,NA,NA
NA,chr6_12841009_C_G_b38,0.062940408,NA,NA
rs3945322,chr6_12841074_G_A_b38,0.0573336,-0.02366,0.01244766
rs9357503,chr6_12841753_T_A_b38,0.049567999,NA,NA
rs9349350,chr6_12842053_A_G_b38,0.0640057,-0.023087,0.012465039
rs5017386,chr6_12842141_G_T_b38,0.0658236,-0.022905,0.01245092
rs4711842,chr6_12842299_G_A_b38,0.0691803,-0.02265,0.012463953
rs1537335,chr6_12842331_G_A_b38,0.0678546,-0.022737,0.012452003
rs1537336,chr6_12842651_C_A_b38,0.0865045,-0.021309,0.012431365
rs1537337,chr6_12842774_G_A_b38,0.0693398,-0.022639,0.012465042
rs1537338,chr6_12842971_A_G_b38,0.0626921,-0.023198,0.012462871
rs9369605,chr6_12842987_A_C_b38,0.06841,-0.022715,0.012465041
rs12211859,chr6_12843674_T_C_b38,0.0908111,-0.062239,0.036803103
rs16873447,chr6_12843769_A_T_b38,0.064096999,NA,NA
rs16873449,chr6_12843909_A_T_b38,0.064201002,NA,NA
rs13192344,chr6_12844032_C_A_b38,0.064051,-0.023071,0.012458523
rs9381436,chr6_12844173_C_T_b38,0.0640741,-0.023069,0.012458524
rs9367239,chr6_12844233_A_G_b38,0.0640278,-0.023071,0.012457436
rs2184027,chr6_12844480_A_G_b38,0.0641318,-0.023064,0.012458525
rs13194950,chr6_12844543_G_A_b38,0.1550802,-0.02623,0.018448261
rs4714913,chr6_12844853_C_T_b38,0.0922287,-0.020957,0.012446573
rs4711845,chr6_12844924_A_G_b38,0.0653414,-0.02296,0.012458522
rs4711848,chr6_12845008_C_A_b38,0.0617083,-0.023255,0.012446572
rs145140995,chr6_12845472_GCTTTGCAGCATCAGA_G_b38,0.207662102,NA,NA
rs199615591,chr6_12845488_T_TGGCA_b38,0.249323783,NA,NA
rs9349352,chr6_12846285_C_T_b38,0.064943,-0.022962,0.012441143
rs9369607,chr6_12846615_T_A_b38,0.327460996,NA,NA
rs56170805,chr6_12846868_C_CCA_b38,0.053092349,NA,NA
rs2065490,chr6_12847262_T_C_b38,0.0654704,-0.022943,0.012455264
rs2065491,chr6_12847363_A_T_b38,0.065540897,NA,NA
rs9367240,chr6_12848453_C_T_b38,0.0665822,-0.022843,0.012452004
rs9296486,chr6_12848737_T_G_b38,0.0621238,-0.02322,0.012447658
rs9296487,chr6_12848799_C_T_b38,1.09E-05,0.042192,0.009592354
rs9296488,chr6_12849072_A_G_b38,0.0674944,-0.022745,0.012440059
rs62389889,chr6_12849390_G_T_b38,0.1780732,-0.024824,0.018433051
rs9381439,chr6_12849446_G_A_b38,0.0723637,-0.022376,0.01245309
rs12215208,chr6_12850062_C_T_b38,5.68E-14,0.070662,0.009402475
rs9395172,chr6_12850302_A_G_b38,1.11E-05,0.041991,0.009555235
rs36043593,chr6_12850372_C_T_b38,0.1691051,-0.02535,0.018435224
rs111424726,chr6_12850381_C_T_b38,0.0497677,0.059619,0.030387544
rs6900427,chr6_12851328_G_A_b38,0.1075828,-0.029319,0.01822014
rs112520998,chr6_12851382_G_A_b38,0.341869296,NA,NA
rs13191496,chr6_12851393_G_A_b38,0.1523883,-0.026298,0.01837548
rs6917097,chr6_12851536_C_T_b38,1.25E-05,0.041792,0.009566277
rs4714930,chr6_12852246_T_G_b38,2.61E-08,-0.053202,0.009558788
rs59402659,chr6_12852930_A_G_b38,7.53E-07,-0.055749,0.011268865
rs9369612,chr6_12852960_T_C_b38,0.2971871,-0.016427,0.015757548
rs34448141,chr6_12853033_C_T_b38,0.0628675,-0.059396,0.031931145
rs55965619,chr6_12853427_C_T_b38,0.0071244,-0.142436,0.052931044
rs62389892,chr6_12853747_A_G_b38,0.1528776,-0.026262,0.01837222
rs6914233,chr6_12854211_T_C_b38,0.117218,-0.028531,0.018212538
rs62389893,chr6_12854649_G_T_b38,0.1600942,-0.025987,0.018499314
rs62389894,chr6_12854730_A_T_b38,0.152655184,NA,NA
rs35657920,chr6_12855011_A_C_b38,0.0639917,-0.023052,0.012445487
rs6934996,chr6_12855030_G_A_b38,0.0858634,-0.064942,0.037808987
rs7454135,chr6_12855310_G_T_b38,5.67E-06,0.043359,0.009553944
rs75506162,chr6_12855470_C_T_b38,0.3034165,-0.016258,0.015797742
rs79286987,chr6_12855571_T_C_b38,0.0120832,-0.108556,0.043254485
rs62389896,chr6_12855622_A_G_b38,0.0145281,-0.056863,0.023267
rs13205779,chr6_12855772_A_G_b38,0.118153,-0.028472,0.018221225
rs9395185,chr6_12856595_A_G_b38,0.0592369,-0.023496,0.012455266
rs35395772,chr6_12857161_G_A_b38,0.1515782,-0.02647,0.018459125
rs4714931,chr6_12857176_A_G_b38,0.2945172,-0.016575,0.015811863
rs35612412,chr6_12857393_CG_C_b38,0.207662102,NA,NA
rs7748950,chr6_12857991_C_T_b38,8.96E-05,0.04373,0.011163714
rs13198167,chr6_12858010_G_A_b38,0.150994,-0.026525,0.018471071
rs141916881,chr6_12858192_A_G_b38,0.0235908,-0.123338,0.05448444
rs72835698,chr6_12858544_G_A_b38,0.0124488,-0.057852,0.023148575
rs35621699,chr6_12858672_T_C_b38,0.1495772,-0.026622,0.018474331
rs79652590,chr6_12859253_T_G_b38,0.341869296,NA,NA
rs6458503,chr6_12859324_T_C_b38,8.60E-05,0.043848,0.01116568
rs55879442,chr6_12859641_T_C_b38,0.0328912,-0.039995,0.018746993
rs9296494,chr6_12859654_G_A_b38,1.03E-05,0.04545,0.010304306
rs9395190,chr6_12859848_C_T_b38,1.01E-05,0.045527,0.010311841
rs144273252,chr6_12860259_T_C_b38,0.2247577,-0.058779,0.048418669
rs112629661,chr6_12860427_T_A_b38,0.0008727,NA,NA
rs6924353,chr6_12860468_C_T_b38,0.1383668,-0.028116,0.018972934
rs6912532,chr6_12860530_T_C_b38,0.1088742,-0.029393,0.018333112
rs6927781,chr6_12860755_G_C_b38,0.14711669,NA,NA
rs74449970,chr6_12861488_G_C_b38,0.098867307,NA,NA
rs62389900,chr6_12861968_G_T_b38,0.1487389,-0.026724,0.018506922
rs16873462,chr6_12862012_G_A_b38,0.1467104,-0.026855,0.018504744
rs17617491,chr6_12862330_C_T_b38,0.0489945,-0.036164,0.018370047
rs7770745,chr6_12862746_T_A_b38,0.0001156,NA,NA
rs17679417,chr6_12862876_A_T_b38,6.12E-07,NA,NA
rs34348949,chr6_12863018_A_G_b38,0.144925,-0.026998,0.018521038
rs112369616,chr6_12863076_A_G_b38,0.7502632,0.019486,0.061220453
rs9381451,chr6_12863389_T_C_b38,0.3025014,-0.016356,0.015862916
rs7771962,chr6_12863506_T_C_b38,6.58E-07,-0.05603,0.01126601
rs114911186,chr6_12863738_G_A_b38,0.280647239,NA,NA
rs9472752,chr6_12863902_C_T_b38,7.50E-06,0.042908,0.009579857
rs6914467,chr6_12864077_G_A_b38,0.1387818,-0.02744,0.018536248
rs9381455,chr6_12864666_T_C_b38,3.47E-05,0.046308,0.011184961
rs9381456,chr6_12864916_G_A_b38,9.73E-06,0.045812,0.01035747
rs6901070,chr6_12865011_A_G_b38,1.15E-05,0.045464,0.010363683
rs6921974,chr6_12865144_C_T_b38,1.06E-05,0.045629,0.010359496
rs60844130,chr6_12865271_C_G_b38,0.000345,NA,NA
rs9296495,chr6_12865417_A_G_b38,5.10E-06,0.043785,0.009600644
rs35227817,chr6_12866296_G_A_b38,0.138233,-0.02776,0.018726347
rs55803153,chr6_12866695_G_A_b38,0.0972973,-0.030807,0.018579701
rs35954478,chr6_12866983_A_G_b38,0.1012467,-0.030426,0.018565577
rs1412744,chr6_12867464_A_G_b38,7.12E-07,-0.056475,0.01139054
rs113606396,chr6_12868031_G_A_b38,0.0046743,-0.040019,0.014147678
rs55637633,chr6_12868088_C_A_b38,0.1567029,-0.026515,0.018722004
rs62389950,chr6_12868494_C_T_b38,0.0035708,-0.04116,0.014125975
rs72835702,chr6_12870915_G_A_b38,0.1237715,0.05826,0.037852445
rs1360579,chr6_12871504_G_A_b38,8.75E-08,-0.06033,0.011274661
rs145954662,chr6_12871583_T_C_b38,0.2546069,-0.036669,0.032187506
rs9472777,chr6_12871860_G_A_b38,4.75E-08,-0.061159,0.011200413
rs4714946,chr6_12871988_G_A_b38,4.19E-08,-0.062047,0.011316971
rs4711856,chr6_12872245_G_A_b38,0.0451476,-0.040417,0.020175447
rs78881531,chr6_12872585_C_T_b38,0.0589641,-0.039077,0.020692512
rs9381462,chr6_12873543_A_G_b38,2.47E-11,0.06489,0.009721147
rs114012120,chr6_12873559_C_T_b38,0.047827938,NA,NA
rs5874392,chr6_12873808_TACAGTA_T_b38,4.98E-21,NA,NA
rs1571997,chr6_12874077_G_A_b38,2.59E-10,0.060641,0.009592785
rs66867947,chr6_12874440_T_G_b38,9.58E-08,-0.059732,0.011197268
rs1332841,chr6_12874822_G_T_b38,9.22E-08,-0.05973,0.011182332
rs116667352,chr6_12877132_C_T_b38,0.202923984,NA,NA
rs9472786,chr6_12877365_G_T_b38,4.31E-08,-0.06146,0.01122013
rs35925781,chr6_12877984_T_G_b38,0.0054077,0.082202,0.029551122
rs114317153,chr6_12878631_A_G_b38,0.0119107,0.149943,0.05962472
rs9472790,chr6_12878869_A_T_b38,1.68E-10,NA,NA
rs1332842,chr6_12879619_C_T_b38,0.0574604,-0.039361,0.020718582
rs17679501,chr6_12879764_T_A_b38,2.19E-08,NA,NA
rs4711857,chr6_12879877_C_T_b38,1.45E-08,-0.064093,0.011309112
rs4711858,chr6_12879899_T_C_b38,1.23E-08,-0.065071,0.011424954
rs66492120,chr6_12880862_AGGCAAGCTGT_A_b38,0.001142874,NA,NA
rs8180628,chr6_12880931_A_G_b38,2.97E-09,0.06321,0.010653524
rs73362158,chr6_12881275_C_T_b38,0.0028713,-0.077372,0.025953389
rs1537340,chr6_12881623_G_A_b38,5.60E-17,-0.091341,0.01090853
rs17617584,chr6_12881832_A_G_b38,0.018711,-0.048155,0.020480689
rs59802022,chr6_12881873_C_A_b38,0.0261618,-0.045702,0.020551294
rs55908560,chr6_12882500_C_T_b38,0.0245932,-0.046333,0.02061321
rs13208248,chr6_12883292_C_A_b38,1.33E-17,-0.090816,0.010632876
rs9349371,chr6_12886081_T_C_b38,0.1202352,0.025397,0.016345225
rs372808727,chr6_12886528_CAAGT_C_b38,0.748207535,NA,NA
rs10456561,chr6_12887233_G_A_b38,0.0141086,0.077516,0.031581353
rs12526354,chr6_12887701_A_G_b38,0.0293011,-0.059127,0.027129799
rs9367253,chr6_12887815_T_A_b38,0.153714794,NA,NA
rs9357513,chr6_12887873_G_A_b38,0.091817,0.027787,0.016482096
rs146401688,chr6_12888266_C_T_b38,0.0340433,-0.093428,0.044078994
rs71562459,chr6_12888370_G_C_b38,1.11E-16,NA,NA
rs1332844,chr6_12888772_C_T_b38,1.11E-15,0.078907,0.009846094
rs34944538,chr6_12888913_A_G_b38,1.11E-16,-0.090976,0.010971029
rs9349372,chr6_12890444_C_T_b38,0.0471732,0.031376,0.015808605
rs35355695,chr6_12890871_G_T_b38,1.11E-16,-0.091471,0.011030723
rs7750679,chr6_12891069_T_C_b38,1.55E-15,0.078594,0.009857649
rs67960114,chr6_12891771_T_TTGTACTATG_b38,7.86E-16,NA,NA
rs6902050,chr6_12892004_G_A_b38,0.0504783,0.030888,0.015792312
rs70989810,chr6_12892134_AAAGCTTTGAGCTCCTCTTGTCTTGGGATACCC_A_b38,7.86E-16,NA,NA
rs1332845,chr6_12892224_A_G_b38,2.22E-16,-0.091129,0.011100351
rs6925904,chr6_12892254_A_G_b38,1.11E-15,0.079097,0.009869802
NA,chr6_12892291_T_A_b38,2.22E-16,NA,NA
rs1332847,chr6_12892522_C_T_b38,2.22E-16,-0.090499,0.011023611
rs2876300,chr6_12893871_A_G_b38,3.33E-16,-0.09028,0.011062733
rs2095122,chr6_12894626_C_T_b38,0.0144723,0.041425,0.016940512
rs9296512,chr6_12894672_G_C_b38,2.66E-15,NA,NA
rs62389954,chr6_12896508_G_A_b38,3.33E-16,-0.090202,0.011053175
rs4714951,chr6_12897075_C_T_b38,3.33E-16,-0.090418,0.011079643
rs73362169,chr6_12897317_C_T_b38,0.0035747,-0.062391,0.021414888
rs1831705,chr6_12897930_G_A_b38,0.0072085,-0.061571,0.022913931
rs1831706,chr6_12897946_T_C_b38,0.0034655,-0.063049,0.021569124
rs13219256,chr6_12898060_C_T_b38,2.22E-16,-0.090622,0.011038593
rs70989812,chr6_12898355_CCCT_C_b38,7.86E-16,NA,NA
rs9395214,chr6_12898652_C_G_b38,4.44E-16,NA,NA
rs11751243,chr6_12899104_G_A_b38,0.002375,-0.12869,0.042348555
rs7751826,chr6_12900745_C_T_b38,2.17E-18,0.088127,0.01007386
rs9369640,chr6_12901209_C_A_b38,7.78E-19,0.089106,0.01005356
rs62389955,chr6_12902016_A_G_b38,8.39E-21,-0.097075,0.010377224
rs6911226,chr6_12902058_A_G_b38,3.10E-18,0.087562,0.010055654
rs6915983,chr6_12902209_T_G_b38,3.27E-18,0.087719,0.010080695
rs4714955,chr6_12903203_C_T_b38,2.51E-21,-0.098544,0.01039345
rs1537341,chr6_12903668_C_T_b38,0.1315392,0.03804,0.025224463
rs9349379,chr6_12903725_A_G_b38,1.81E-42,0.131836,0.009652691
rs111969884,chr6_12903906_G_T_b38,3.61E-05,0.111022,0.026874551
rs7759918,chr6_12904304_A_T_b38,0.132613612,NA,NA
rs9472888,chr6_12904671_A_G_b38,0.1130114,-0.040506,0.025559034
rs115964080,chr6_12905181_G_T_b38,0.0305246,-0.114264,0.052821364
rs6912234,chr6_12906114_G_C_b38,0.112055094,NA,NA
rs397686983,chr6_12906185_TAA_T_b38,3.38E-18,NA,NA
rs62386760,chr6_12906694_G_A_b38,0.047435,-0.100589,0.050741138
rs2876301,chr6_12907179_C_T_b38,1.47E-17,0.085286,0.009998962
rs2876302,chr6_12907180_G_A_b38,7.11E-18,0.085899,0.009973043
rs78145402,chr6_12907359_A_G_b38,4.69E-17,0.082751,0.009858094
rs7760016,chr6_12907845_G_A_b38,6.57E-17,0.082495,0.009874297
rs7760527,chr6_12908176_G_A_b38,5.21E-17,0.08272,0.009868937
rs1571999,chr6_12909235_G_A_b38,0.1344481,0.037398,0.024985482
rs6916096,chr6_12909506_T_C_b38,0.1196152,-0.039626,0.025460187
rs7454157,chr6_12909642_G_A_b38,3.31E-20,-0.090825,0.009863269
rs6917613,chr6_12910466_A_C_b38,0.1034063,-0.041911,0.025735014
rs12530250,chr6_12911733_A_G_b38,1.52E-20,-0.096448,0.010380139
rs9381494,chr6_12912920_C_T_b38,8.26E-17,0.082427,0.009898224
rs13207329,chr6_12913392_G_A_b38,0.0146017,0.083216,0.034075454
rs11754198,chr6_12914458_G_A_b38,0.1588287,-0.036927,0.026207542
rs11752630,chr6_12914735_A_T_b38,0.100623097,NA,NA
rs4711863,chr6_12915185_G_C_b38,1.62E-21,NA,NA
rs6915761,chr6_12915467_A_G_b38,0.2840478,-0.023779,0.022197006
rs112436134,chr6_12915863_A_G_b38,0.0381139,-0.052189,0.02516797
rs9472965,chr6_12917594_G_A_b38,0.2582082,-0.025082,0.022183968
rs17679590,chr6_12918916_G_A_b38,0.0005858,-0.061268,0.01782028
rs9463278,chr6_12919230_A_C_b38,0.3562755,-0.020278,0.021981922
rs2876303,chr6_12919635_G_A_b38,7.41E-18,0.084684,0.009837391
rs8180558,chr6_12919757_T_C_b38,6.12E-18,0.088874,0.010297924
rs9381500,chr6_12922303_G_A_b38,1.14E-17,0.087954,0.010276381
rs9369650,chr6_12922420_C_A_b38,1.05E-17,0.084394,0.009849532
rs2327621,chr6_12922457_G_A_b38,3.04E-17,0.086692,0.010265461
rs34228161,chr6_12922489_CA_C_b38,4.50E-18,NA,NA
rs34343839,chr6_12922502_C_T_b38,1.32E-20,-0.095922,0.010306888
rs1014342,chr6_12922925_T_C_b38,1.17E-17,0.08437,0.009861086
rs62386818,chr6_12923535_C_A_b38,8.38E-21,-0.096274,0.01029146
rs114735457,chr6_12924100_T_A_b38,0.0001051,NA,NA
rs9369652,chr6_12924512_C_T_b38,9.36E-18,0.084532,0.009850431
rs4714988,chr6_12924810_G_A_b38,0.2453779,0.025558,0.022001474
rs73726220,chr6_12924955_A_G_b38,0.1824585,-0.034703,0.026029395
rs1953088,chr6_12925704_C_A_b38,8.67E-18,0.084599,0.009848136
rs10498680,chr6_12926477_A_T_b38,0.216562779,NA,NA
rs9296522,chr6_12926994_G_A_b38,0.0356003,-0.047678,0.022687998
rs12526453,chr6_12927312_C_G_b38,2.14E-20,NA,NA
rs9367262,chr6_12927371_G_A_b38,0.5144079,0.013225,0.020284067
rs1332848,chr6_12927390_G_A_b38,0.4315802,-0.023357,0.029697754
rs35966773,chr6_12927434_TA_T_b38,0.815453023,NA,NA
rs4714990,chr6_12927613_T_C_b38,2.67E-17,-0.080927,0.009565653
rs12176425,chr6_12927651_G_A_b38,0.6147355,0.010157,0.020179788
rs76237123,chr6_12927660_A_G_b38,0.3640607,-0.026696,0.029412068
rs7773579,chr6_12927703_C_T_b38,0.4714539,-0.020699,0.028744001
rs7773750,chr6_12927783_C_A_b38,0.4282066,-0.023482,0.0296391
rs143329761,chr6_12928073_C_CA_b38,0.747166974,NA,NA
rs9357521,chr6_12928146_A_G_b38,0.6102751,0.010293,0.020194992
rs9395226,chr6_12928171_G_A_b38,0.5921872,0.010819,0.020197166
rs9369654,chr6_12928288_T_C_b38,0.4987949,0.013642,0.020168923
rs9357522,chr6_12928346_A_G_b38,0.6129199,0.010213,0.020187388
rs9395229,chr6_12928375_C_T_b38,0.5775283,0.011274,0.020240621
rs9296523,chr6_12928645_A_G_b38,0.5819529,0.01113,0.020216722
rs9296524,chr6_12928650_G_A_b38,0.6008715,0.010507,0.020084196
rs9296525,chr6_12928776_G_A_b38,0.5826927,0.011107,0.020214548
rs9296526,chr6_12928801_G_T_b38,0.6024963,0.010459,0.020082023
rs9369655,chr6_12929144_G_T_b38,0.4467302,0.015599,0.020501328
rs9395231,chr6_12929211_T_G_b38,0.5655,0.011619,0.020217807
rs9381507,chr6_12929638_C_G_b38,0.57442979,NA,NA
rs2210513,chr6_12929790_T_C_b38,0.5857586,0.010941,0.020075501
rs2210514,chr6_12929829_A_C_b38,0.5847553,0.011035,0.020193906
rs2210515,chr6_12929968_T_A_b38,0.5873631,NA,NA
rs2210516,chr6_12930131_C_T_b38,0.5716803,0.011428,0.020205857
rs13200037,chr6_12930520_G_A_b38,0.0090167,0.088157,0.033758257
rs9296527,chr6_12930545_C_T_b38,0.4076901,0.016808,0.020300366
rs9472999,chr6_12930777_A_G_b38,0.5747834,0.011342,0.020216722
rs9381511,chr6_12931216_C_T_b38,0.3728428,0.018118,0.020330781
rs36041182,chr6_12931280_CA_C_b38,0.747166974,NA,NA
rs9381512,chr6_12931760_T_C_b38,0.5618793,0.011757,0.020268859
rs72820835,chr6_12932315_T_A_b38,0.148798805,NA,NA
rs9463303,chr6_12932609_T_C_b38,0.5937436,0.010744,0.020141766
rs9381513,chr6_12932830_G_C_b38,0.493483208,NA,NA
rs76356811,chr6_12933337_T_C_b38,0.0036696,-0.097669,0.033618107
rs6458545,chr6_12934070_G_C_b38,3.50E-17,NA,NA
rs7739181,chr6_12934455_G_A_b38,2.64E-20,-0.096854,0.010490371
rs9349390,chr6_12934875_A_G_b38,0.4026892,0.017077,0.020406819
rs75924676,chr6_12935335_C_G_b38,0.455752614,NA,NA
rs9395237,chr6_12935466_A_G_b38,0.471566,0.014672,0.020379663
rs6940481,chr6_12936271_T_C_b38,0.4342694,0.015997,0.020458962
NA,chr6_12936456_G_C_b38,0.420519086,NA,NA
rs13209002,chr6_12938109_C_T_b38,7.06E-11,0.105577,0.016194338
rs9369666,chr6_12938382_A_G_b38,0.3987773,0.017202,0.02038618
rs9395240,chr6_12938481_G_A_b38,0.3985846,0.017364,0.02056976
rs6941877,chr6_12940785_G_A_b38,0.2484207,0.024159,0.020931492
rs6926919,chr6_12940854_T_C_b38,0.1783218,0.028174,0.020932579
rs13201878,chr6_12942834_A_G_b38,1.11E-16,-0.093147,0.011232836
rs4715000,chr6_12943886_A_G_b38,1.11E-15,-0.084776,0.010578434
rs77258989,chr6_12944179_G_A_b38,0.0276194,-0.108688,0.049344192
rs78907041,chr6_12944491_A_G_b38,0.7014753,-0.010251,0.026741991
rs6905419,chr6_12944861_C_T_b38,3.15E-14,-0.081191,0.010694281
rs114287675,chr6_12946005_A_C_b38,0.3262251,-0.033302,0.033921205
rs7748390,chr6_12946180_G_C_b38,1.78E-15,NA,NA
rs142776446,chr6_12947518_A_G_b38,0.0675769,0.075408,0.041255753
rs7741655,chr6_12948127_A_G_b38,0.7320598,-0.008609,0.025144074
rs6922782,chr6_12948156_G_A_b38,2.69E-14,-0.079857,0.010490349
rs149041701,chr6_12949022_G_A_b38,0.1591661,-0.068102,0.048371961
rs7769758,chr6_12950053_G_C_b38,0.743156202,NA,NA
rs112239423,chr6_12950288_A_G_b38,0.0003011,0.09053,0.025047368
rs7757180,chr6_12950453_T_G_b38,0.821283,-0.006048,0.026773488
rs7774403,chr6_12950519_G_A_b38,0.9119259,-0.001069,0.009664618
rs7775566,chr6_12950585_C_T_b38,0.8924588,-0.003739,0.027656631
rs72820836,chr6_12951326_G_A_b38,0.0119077,-0.059781,0.023771031
NA,chr6_12951346_G_C_b38,6.96E-08,NA,NA
rs4236091,chr6_12951808_G_A_b38,0.8790531,-0.00147,0.009660268
rs9473070,chr6_12952891_A_G_b38,0.9303873,-0.002355,0.026958169
rs6906017,chr6_12953071_T_C_b38,5.29E-08,-0.068926,0.012667247
rs34175679,chr6_12953137_A_G_b38,4.62E-09,-0.081632,0.013929635
rs36049381,chr6_12953152_G_A_b38,2.87E-09,-0.083549,0.014068174
rs62386820,chr6_12953780_G_A_b38,5.48E-09,-0.081209,0.013924966
rs35056688,chr6_12954872_C_T_b38,4.89E-06,0.050339,0.011016419
rs9473082,chr6_12955104_T_C_b38,0.8964142,-0.003513,0.026983139
rs4588689,chr6_12955379_A_T_b38,4.23E-09,NA,NA
rs62386821,chr6_12955898_G_T_b38,8.54E-09,-0.080573,0.013994592
rs9473086,chr6_12956803_C_T_b38,1.26E-08,-0.07869,0.013826118
rs66820937,chr6_12957180_A_T_b38,1.07E-08,NA,NA
rs28385616,chr6_12957248_A_G_b38,7.27E-06,0.049277,0.010985533
rs11756003,chr6_12957389_G_A_b38,1.70E-08,-0.07797,0.013824343
rs4236093,chr6_12957593_C_G_b38,2.71E-07,NA,NA
rs114814011,chr6_12958904_C_T_b38,0.3810047,-0.050641,0.057806286
rs13194360,chr6_12959583_T_C_b38,1.08E-06,-0.060479,0.012402204
rs35266083,chr6_12960929_T_C_b38,1.66E-06,-0.059098,0.012335361
rs6906890,chr6_12960988_A_G_b38,1.64E-06,-0.059198,0.012349966
rs6458568,chr6_12961440_A_G_b38,0.9971511,3.40E-05,0.009522278
rs78006908,chr6_12961492_G_T_b38,0.0128036,-0.062372,0.025057189
rs6899754,chr6_12961690_G_A_b38,0.9842483,-0.000188,0.009522309
rs62386823,chr6_12961697_T_G_b38,2.37E-07,-0.087534,0.016938696
rs62386824,chr6_12961971_C_T_b38,0.0361202,-0.08202,0.039139676
rs9473113,chr6_12962206_T_A_b38,0.9940509,NA,NA
rs11755825,chr6_12962458_G_A_b38,1.94E-06,-0.058723,0.012337864
rs13211739,chr6_12962763_A_G_b38,3.20E-05,0.045328,0.01089944
rs76753585,chr6_12963185_G_A_b38,0.1867852,-0.05797,0.043911704
rs4715015,chr6_12963609_G_A_b38,1.36E-05,-0.056567,0.013003246
rs4711877,chr6_12963610_A_C_b38,0.6595396,0.004263,0.009676565
rs4715016,chr6_12963730_G_A_b38,0.9775393,0.000268,0.009519063
rs11757634,chr6_12964614_G_C_b38,0.963597499,NA,NA
rs9296556,chr6_12964973_A_C_b38,0.9222661,-0.000933,0.009561422
rs75179224,chr6_12964996_C_T_b38,0.0428119,-0.077686,0.038353223
rs76555100,chr6_12965206_G_A_b38,0.3659697,-0.049398,0.054640877
rs34541307,chr6_12965391_C_T_b38,1.74E-05,0.047214,0.010990525
rs76282554,chr6_12965992_G_A_b38,0.0006617,0.130732,0.038394404
rs72820847,chr6_12966205_G_C_b38,1.37E-05,NA,NA
rs9473120,chr6_12966874_T_C_b38,0.9995812,5.00E-06,0.009525842
rs4715023,chr6_12967413_G_A_b38,0.9783648,0.000258,0.009513616
rs7739717,chr6_12968968_C_T_b38,0.9791574,-0.000249,0.009530992
rs796308396,chr6_12968984_TG_T_b38,0.857622281,NA,NA
rs6923878,chr6_12969344_A_G_b38,0.8299646,0.005593,0.026044605
rs34814928,chr6_12970441_C_T_b38,0.0157214,0.061526,0.025473233
rs144424160,chr6_12970549_A_C_b38,0.5219914,-0.034735,0.054249809
rs9463337,chr6_12970833_C_T_b38,0.9294804,0.000843,0.009525574
rs72820849,chr6_12971149_G_A_b38,0.0024737,-0.116962,0.038645449
rs75379680,chr6_12972507_G_A_b38,0.0052328,-0.125477,0.044936112
rs4715032,chr6_12974146_C_T_b38,0.9035129,0.001155,0.009527745
rs12203322,chr6_12974421_C_T_b38,0.0010067,-0.048263,0.014675637
rs7762881,chr6_12974770_A_G_b38,0.9051757,0.001135,0.009527744
rs4380742,chr6_12976012_A_T_b38,0.911318998,NA,NA
rs6458577,chr6_12976923_T_C_b38,0.7878153,0.007047,0.026182558
rs7774775,chr6_12977316_A_G_b38,0.8791601,0.001453,0.009557071
rs36100854,chr6_12977619_G_A_b38,1.13E-05,0.048223,0.010983053
rs7770277,chr6_12980478_G_A_b38,0.823119,0.002131,0.009533174
rs7760857,chr6_12980566_T_C_b38,0.8236088,0.002125,0.009533174
rs12111175,chr6_12981942_C_T_b38,0.0881974,-0.076556,0.044901299
rs10948372,chr6_12982191_T_C_b38,2.86E-06,-0.057865,0.012362662
rs6916268,chr6_12982297_C_T_b38,0.865443,0.001613,0.009519054
rs144061592,chr6_12982434_A_T_b38,0.915807498,NA,NA
rs6920970,chr6_12982557_C_T_b38,0.8597454,0.001682,0.009519052
rs6919749,chr6_12982603_G_A_b38,0.4906092,-0.023384,0.033922291
rs6900619,chr6_12982718_A_G_b38,0.9693053,-0.000367,0.009537522
rs111345845,chr6_12983016_T_C_b38,0.2250258,0.046152,0.038039283
rs6901563,chr6_12983272_A_C_b38,0.841765,0.001901,0.009522314
rs9473156,chr6_12983755_T_C_b38,0.8111037,0.002273,0.009510364
rs10587494,chr6_12984781_TAAGG_T_b38,0.894664948,NA,NA
rs59705523,chr6_12984786_A_C_b38,0.894664948,NA,NA
rs58642921,chr6_12984788_A_T_b38,0.894664948,NA,NA
rs35001310,chr6_12985275_T_TA_b38,0.858871265,NA,NA
rs4711897,chr6_12985985_G_A_b38,0.0001357,-0.045347,0.011883768
rs4711899,chr6_12986234_C_T_b38,0.3754312,0.008364,0.009436498
rs10948377,chr6_12987005_A_G_b38,2.39E-10,-0.068204,0.010768045
rs66534138,chr6_12987042_A_AAT_b38,8.99E-06,NA,NA
rs4715043,chr6_12987409_A_G_b38,0.3559431,0.008694,0.00941803
rs35241555,chr6_12988019_G_A_b38,3.48E-05,-0.054896,0.01326137
rs4715045,chr6_12988357_C_G_b38,0.0004305,NA,NA
rs77619825,chr6_12989120_T_C_b38,0.0221669,-0.069735,0.030485301
rs7743219,chr6_12989879_T_C_b38,0.3527516,0.008768,0.009435411
rs9296580,chr6_12993066_A_T_b38,0.351436594,NA,NA
rs34476983,chr6_12995998_C_A_b38,1.05E-05,0.048399,0.010983268
rs11963982,chr6_12996262_C_G_b38,0.363900301,NA,NA
rs144702350,chr6_12997023_C_T_b38,0.5879197,-0.032093,0.059228227
rs9473188,chr6_12997929_G_A_b38,0.4554032,0.007107,0.009521227
rs66829228,chr6_12998594_C_T_b38,7.58E-06,0.050649,0.011313874
rs35713382,chr6_12998657_C_T_b38,0.0004429,-0.041612,0.011844788
rs13207062,chr6_12998774_A_G_b38,0.3519858,0.008786,0.009439756
rs11961007,chr6_12999051_G_A_b38,0.3534611,0.008744,0.009423462
rs67193572,chr6_13000262_G_A_b38,1.23E-05,0.048017,0.010982339
rs144790514,chr6_13000354_C_T_b38,0.181564,0.05163,0.038646514
rs7341250,chr6_13001042_G_A_b38,0.7470528,0.00306,0.009487551
rs34054869,chr6_13001642_C_A_b38,0.0002995,0.0413,0.011422306
rs9473198,chr6_13001839_A_C_b38,0.7680254,0.002801,0.009496243
rs28360598,chr6_13001899_T_C_b38,0.0001153,-0.050522,0.013102485
rs9463363,chr6_13002397_T_A_b38,0.726777099,NA,NA
rs199770813,chr6_13003464_AT_A_b38,0.004824368,NA,NA
rs12211090,chr6_13003593_T_A_b38,0.043354389,NA,NA
rs11758659,chr6_13004948_A_G_b38,0.7656032,0.002824,0.009472346
rs9463364,chr6_13005052_A_G_b38,0.8009795,0.002396,0.009504933
rs4715048,chr6_13006178_C_G_b38,0.725470694,NA,NA
rs4236096,chr6_13007501_T_C_b38,0.7930639,0.002563,0.009769985
rs4236097,chr6_13007502_T_C_b38,0.8779128,0.00151,0.009829728
rs4349811,chr6_13007701_C_T_b38,0.7286757,0.003293,0.009492986
rs9473207,chr6_13010067_G_A_b38,0.7439721,0.003105,0.009507106
rs115896812,chr6_13011223_C_A_b38,0.1175548,-0.051445,0.032869687
rs35684248,chr6_13011712_G_A_b38,0.0002095,-0.048635,0.013118794
rs72820860,chr6_13011724_A_G_b38,0.0002983,0.040974,0.011328887
rs150407700,chr6_13013514_C_T_b38,0.4021454,-0.035241,0.04206395
rs183137937,chr6_13013796_C_T_b38,0.0221319,-0.068779,0.030059485
rs11759412,chr6_13015269_C_G_b38,0.0011748,NA,NA
rs4331981,chr6_13017684_G_A_b38,0.00099,0.040093,0.012173914
rs149283389,chr6_13018006_C_T_b38,0.6689326,0.027948,0.0653581
rs62388198,chr6_13020041_G_A_b38,0.372881386,NA,NA
rs113802695,chr6_13020050_G_A_b38,0.0168934,0.088624,0.037096387
rs4236098,chr6_13020085_A_T_b38,0.0001691,NA,NA
rs9369759,chr6_13020454_G_C_b38,0.690215494,NA,NA
rs9381634,chr6_13022496_G_A_b38,1.14E-07,0.055727,0.01050885
rs4580848,chr6_13022969_A_G_b38,0.0012004,0.036322,0.011214699
rs4129937,chr6_13023556_T_C_b38,0.0022779,0.035765,0.011720916
rs13218974,chr6_13023703_T_C_b38,0.0012013,0.036383,0.011234275
rs9369760,chr6_13023891_G_A_b38,0.8821099,-0.001425,0.00960922
rs9395335,chr6_13024002_C_T_b38,0.834238,-0.00199,0.009509278
rs9349439,chr6_13024304_G_A_b38,0.0018598,0.036591,0.011758967
rs9381635,chr6_13024339_T_C_b38,0.0017803,0.036756,0.01176332
rs9395336,chr6_13024374_C_T_b38,0.0014901,0.037364,0.011762244
rs115100445,chr6_13024979_A_G_b38,0.1428887,-0.036134,0.024662859
rs4132044,chr6_13025222_T_G_b38,0.0013107,0.036026,0.011210388
rs4132046,chr6_13025224_T_C_b38,0.811294,-0.002273,0.009520139
rs4132045,chr6_13025332_T_C_b38,0.0018637,0.03656,0.01175134
rs79613269,chr6_13025491_C_T_b38,0.4012067,-0.045841,0.0546072
rs6924689,chr6_13025587_C_T_b38,0.9040473,-0.001147,0.009514707
rs9381636,chr6_13025957_T_C_b38,0.8032994,-0.002371,0.009519055
rs4492189,chr6_13026320_T_A_b38,0.860275798,NA,NA
rs115535582,chr6_13026591_C_T_b38,0.0749262,-0.054019,0.030332146
rs9367308,chr6_13026770_G_C_b38,0.0024313,NA,NA
rs79145234,chr6_13026947_A_C_b38,0.9430133,0.004311,0.060307988
rs34511027,chr6_13027556_AC_A_b38,0.000711016,NA,NA
rs9381638,chr6_13027736_T_C_b38,0.0003057,0.04207,0.011652379
rs115597027,chr6_13028011_C_T_b38,0.5481194,-0.019797,0.032963104
rs4715064,chr6_13029282_C_T_b38,0.001545,0.035469,0.011202757
rs4715065,chr6_13029650_A_G_b38,0.0007209,0.038738,0.011455847
rs9349440,chr6_13029957_C_A_b38,7.00E-04,0.038698,0.011416757
rs9369762,chr6_13030024_G_A_b38,0.000718,0.0386,0.0114113
rs35776201,chr6_13030118_G_A_b38,0.0016834,0.035117,0.011179999
rs397938738,chr6_13030221_G_GT_b38,0.715889259,NA,NA
rs6907651,chr6_13030362_C_T_b38,0.0003857,0.040711,0.011468922
rs113165382,chr6_13030660_C_G_b38,0.030559899,NA,NA
rs6912487,chr6_13030761_C_T_b38,0.0005453,0.039308,0.011369051
rs6936052,chr6_13031508_A_C_b38,8.89E-05,0.048654,0.012414755
rs10807388,chr6_13031513_T_A_b38,0.829266404,NA,NA
rs796815402,chr6_13031624_AG_A_b38,0.683501975,NA,NA
rs398000511,chr6_13031775_TA_T_b38,0.001589676,NA,NA
rs111290668,chr6_13032094_C_T_b38,0.3578711,0.025688,0.027939072
rs34267578,chr6_13032217_T_C_b38,0.0019305,0.034629,0.011168047
rs115388133,chr6_13032679_C_T_b38,0.0532281,0.064501,0.033367204
rs114232217,chr6_13032727_C_T_b38,0.2157339,0.05955,0.048103647
rs13215349,chr6_13032878_G_A_b38,0.0019807,0.034544,0.011168044
rs9463377,chr6_13033344_G_T_b38,0.0020492,0.034056,0.011046356
rs4715068,chr6_13033882_G_T_b38,0.0005632,0.039276,0.011388493
rs78273502,chr6_13033896_A_ATTC_b38,0.000203807,NA,NA
rs13220000,chr6_13034163_G_A_b38,0.0009585,0.039027,0.011817651
rs4715069,chr6_13034269_G_T_b38,0.0007525,0.038398,0.011395079
rs4616991,chr6_13034397_C_G_b38,0.0005036,NA,NA
rs9369768,chr6_13035715_G_A_b38,0.8337877,0.001985,0.009459308
rs4361612,chr6_13036410_A_G_b38,0.0018494,0.034774,0.01116911
rs4367379,chr6_13036809_A_G_b38,0.844364,0.001857,0.009459311
rs4373361,chr6_13038073_A_G_b38,0.0019351,0.034621,0.011168006
rs4131857,chr6_13038647_G_C_b38,4.72E-05,NA,NA
rs13205551,chr6_13040938_A_G_b38,0.0024028,0.033882,0.011162576
rs13219842,chr6_13041270_G_A_b38,0.0024456,0.033816,0.011160424
rs13205960,chr6_13041302_A_C_b38,0.0025472,0.033672,0.011158251
rs13190774,chr6_13041426_C_T_b38,0.0025322,0.033728,0.011170184
rs35158688,chr6_13041436_CA_C_b38,0.002921554,NA,NA
rs114471146,chr6_13041500_G_A_b38,0.0141661,0.121237,0.049423494
rs72820866,chr6_13042868_G_A_b38,0.0016396,0.12199,0.038742128
rs111295148,chr6_13042984_G_A_b38,0.1436187,0.095354,0.065201672
rs4715072,chr6_13043328_G_A_b38,0.0023319,0.033996,0.011166946
rs34054185,chr6_13044161_T_C_b38,0.0022931,0.034049,0.011165856
rs4379290,chr6_13044783_T_G_b38,0.0029749,0.03315,0.011160415
rs13209107,chr6_13044839_A_G_b38,0.0023445,0.033968,0.011163694
rs13192747,chr6_13044906_G_T_b38,0.0023234,0.034005,0.011165874
rs34353332,chr6_13044939_TTA_T_b38,0.002312594,NA,NA
rs13193716,chr6_13044976_C_T_b38,0.0022845,0.034055,0.011163692
rs35273948,chr6_13045254_C_T_b38,0.0023968,0.033907,0.011168039
rs35787156,chr6_13045453_C_G_b38,0.184499409,NA,NA
rs11961962,chr6_13045997_G_A_b38,0.0018931,0.034454,0.011090903
rs7743585,chr6_13047819_T_C_b38,0.0059177,0.029527,0.01072809
NA,chr6_13049115_G_C_b38,0.004935901,NA,NA
rs80276151,chr6_13049229_G_A_b38,0.0006675,-0.157165,0.046189794
rs7750023,chr6_13049638_A_G_b38,0.0064774,0.029214,0.010730256
rs75311258,chr6_13050290_C_T_b38,0.3491641,-0.030893,0.032997872
rs149496423,chr6_13051146_C_G_b38,0.030526504,NA,NA
rs7756776,chr6_13051420_A_G_b38,0.0061783,0.029405,0.010738942
rs7750099,chr6_13051953_G_C_b38,0.007163303,NA,NA
rs7775103,chr6_13052003_T_C_b38,0.00705,0.028927,0.010735679
rs7775901,chr6_13052461_T_C_b38,7.47E-05,0.050024,0.012629781
rs113765106,chr6_13053944_A_C_b38,0.14522748,NA,NA
rs35162135,chr6_13053991_CAAA_C_b38,0.001147107,NA,NA
rs36119782,chr6_13054201_G_A_b38,0.0016214,0.035,0.011103958
rs7748124,chr6_13054269_T_C_b38,0.7046386,0.003596,0.009486466
rs7762827,chr6_13054500_C_G_b38,0.0017182,NA,NA
rs9296592,chr6_13055174_T_C_b38,0.0015807,0.03489,0.011043079
rs9369779,chr6_13057016_C_T_b38,0.7567079,0.002942,0.009496242
rs9473354,chr6_13058803_C_A_b38,0.0016799,0.034373,0.010941013
rs4711908,chr6_13059976_A_G_b38,0.0017976,0.034135,0.01093446
rs4711909,chr6_13059982_C_A_b38,0.0017843,0.034159,0.010934491
rs7738252,chr6_13060336_A_G_b38,0.0017365,0.034236,0.010931213
rs7755806,chr6_13060408_G_A_b38,9.38E-05,0.047293,0.012107491
rs386406198,chr6_13060785_C_CT_b38,0.000506198,NA,NA
rs6932757,chr6_13063129_T_G_b38,0.0020772,0.033824,0.010985504
rs9463408,chr6_13063592_A_G_b38,0.0011415,0.035511,0.010916022
rs9463410,chr6_13064042_A_G_b38,0.0013792,0.034913,0.010913829
rs9381653,chr6_13064164_T_A_b38,6.94E-05,NA,NA
rs4715077,chr6_13064269_C_T_b38,0.0001666,0.045311,0.012035038
rs9473370,chr6_13064839_A_C_b38,0.0019872,0.033989,0.010992068
rs74926148,chr6_13064944_C_T_b38,0.3452725,-0.028244,0.029925872
rs72820875,chr6_13065912_T_C_b38,0.0153144,-0.066289,0.027337278
rs4432976,chr6_13066065_G_T_b38,0.9892719,-0.000127,0.009445129
rs4711910,chr6_13066143_T_C_b38,0.0014753,0.035115,0.011044194
rs4580867,chr6_13066577_C_T_b38,0.9894446,-0.000125,0.009448497
rs12207703,chr6_13067230_T_G_b38,2.68E-06,0.052913,0.011272633
rs35305875,chr6_13067279_A_G_b38,0.0005689,0.037523,0.010888781
rs34952336,chr6_13067588_A_T_b38,0.0005693,NA,NA
rs4715082,chr6_13068059_A_G_b38,0.0004696,0.038164,0.010911722
rs62388202,chr6_13068185_C_T_b38,0.0089938,0.042409,0.016234417
rs6920793,chr6_13068727_A_G_b38,0.0004683,0.041569,0.011882756
rs9463423,chr6_13069127_T_C_b38,0.0010769,0.035052,0.010720494
rs4624870,chr6_13069853_A_G_b38,0.9636623,0.000431,0.009460404
rs5002331,chr6_13070458_T_C_b38,0.9994097,7.00E-06,0.009461615
rs4292514,chr6_13070569_A_G_b38,0.9870818,0.000153,0.009449537
rs4130157,chr6_13070594_C_T_b38,0.0001736,0.04524,0.012049134
rs34381599,chr6_13071033_T_G_b38,0.001213,0.034707,0.010725923
rs35229766,chr6_13071974_T_C_b38,0.0005065,0.03786,0.010887773
rs62388258,chr6_13072156_G_A_b38,0.061805638,NA,NA
rs6458616,chr6_13072266_A_G_b38,0.0012103,0.034742,0.010734629
rs7750120,chr6_13072401_T_C_b38,0.0008432,0.035809,0.010727006
rs397933533,chr6_13072479_A_ACTTGCTT_b38,0.935590747,NA,NA
rs35170510,chr6_13073062_G_A_b38,0.0047621,0.071891,0.025468871
rs116020439,chr6_13073624_G_A_b38,0.007113542,NA,NA
rs4715088,chr6_13075105_A_G_b38,0.000123,0.046314,0.012060722
rs12216401,chr6_13076649_T_C_b38,0.9396141,0.000717,0.009464735
rs72278517,chr6_13076687_GCAAA_G_b38,0.411465655,NA,NA
rs7738606,chr6_13077225_T_C_b38,0.8776296,0.001458,0.009469082
rs9473427,chr6_13078412_T_C_b38,0.0012311,0.034616,0.010711805
rs72820883,chr6_13079503_C_T_b38,0.0753517,0.096145,0.054065143
rs147645503,chr6_13080117_G_A_b38,9.86E-05,-0.205389,0.052744837
rs72820885,chr6_13080235_G_A_b38,0.2259134,0.051657,0.042658138
rs9473436,chr6_13080338_T_G_b38,0.0021113,0.032956,0.010720494
rs13204304,chr6_13080837_A_C_b38,0.0010124,0.035746,0.01087477
rs9473437,chr6_13081146_G_A_b38,0.8449886,0.001852,0.009472345
rs10456596,chr6_13083298_G_A_b38,0.000185858,NA,NA
rs4273675,chr6_13084413_C_A_b38,0.0001402,0.04521,0.011872951
rs7762659,chr6_13084455_C_A_b38,0.0001536,0.045554,0.012034844
rs151049474,chr6_13085013_G_A_b38,0.3882149,-0.040261,0.046659989
rs140563650,chr6_13085885_G_C_b38,0.00314331,NA,NA
rs4329096,chr6_13086418_A_G_b38,0.0001041,0.046212,0.011907757
rs141475427,chr6_13086570_G_T_b38,0.0440847,0.06255,0.031068632
rs6458624,chr6_13088107_A_G_b38,0.0001862,0.045004,0.012042689
rs4389765,chr6_13089762_C_T_b38,0.0001367,0.045898,0.012033883
rs113003334,chr6_13089863_C_T_b38,0.1472516,0.055096,0.038015386
rs78249740,chr6_13089918_A_G_b38,0.6875289,-0.021064,0.052370548
rs6918053,chr6_13089938_G_A_b38,0.0001635,0.045358,0.012032531
rs113472089,chr6_13090085_G_A_b38,0.2623283,-0.023724,0.02116504
rs141340952,chr6_13090911_C_A_b38,0.0478213,-0.071789,0.036276253
rs141268588,chr6_13092154_G_A_b38,0.5599617,0.039083,0.067049423
rs7775760,chr6_13092195_G_A_b38,0.0001524,0.045771,0.012085946
rs150758535,chr6_13092378_G_T_b38,0.5612905,0.038952,0.067051597
rs9349456,chr6_13092527_G_A_b38,0.9549453,0.000534,0.009451706
rs4273676,chr6_13093402_C_T_b38,0.0001436,0.045482,0.011963016
rs4715100,chr6_13093915_G_A_b38,7.04E-05,0.047373,0.011917946
rs4715101,chr6_13094246_G_A_b38,0.0002491,0.044576,0.012168651
rs7775053,chr6_13095410_A_G_b38,0.2434483,-0.055133,0.047267214
rs13200673,chr6_13097076_T_C_b38,0.0002797,0.039544,0.01088344
rs4357136,chr6_13097426_G_T_b38,0.9933783,7.80E-05,0.009398535
rs4537139,chr6_13097608_C_G_b38,0.0001187,NA,NA
rs62389460,chr6_13098070_G_A_b38,1.30E-07,-0.087406,0.016557786
rs9369815,chr6_13098263_A_G_b38,0.9666267,0.000393,0.009393053
rs1937774,chr6_13100589_A_G_b38,0.0001261,0.045808,0.01194798
rs116267713,chr6_13100722_C_T_b38,0.0346011,0.082018,0.038815973
rs11757001,chr6_13102014_T_A_b38,0.0001822,NA,NA
NA,chr6_13102930_C_G_b38,0.0001663,NA,NA
rs1937771,chr6_13103809_T_C_b38,0.8462502,-0.001838,0.009478864
rs1937772,chr6_13103938_G_A_b38,0.0001421,-0.046357,0.012184832
rs1937773,chr6_13104044_G_A_b38,0.0002006,-0.044862,0.012065322
rs17375084,chr6_13104349_C_T_b38,0.0002261,-0.04446,0.012055595
rs35654535,chr6_13105536_C_A_b38,0.0001368,-0.046472,0.012184955
rs1579135,chr6_13107821_C_G_b38,0.914504901,NA,NA
rs398000516,chr6_13108278_C_CT_b38,0.000272753,NA,NA
rs7762786,chr6_13108697_C_T_b38,0.0001186,-0.046461,0.012070921
rs11753838,chr6_13108783_G_A_b38,0.0001143,-0.046758,0.012119626
rs11751831,chr6_13109184_A_C_b38,0.0001455,-0.046034,0.01211859
rs9473486,chr6_13109296_T_A_b38,0.948257901,NA,NA
rs11754531,chr6_13109911_G_A_b38,6.97E-05,-0.048488,0.012191162
rs9349459,chr6_13111009_G_A_b38,0.0005865,0.035503,0.010327299
rs11755240,chr6_13111199_G_A_b38,0.0001216,-0.046675,0.012145845
rs35218818,chr6_13111540_G_A_b38,9.67E-05,-0.047544,0.012194752
rs11961352,chr6_13112652_T_A_b38,0.0023528,NA,NA
rs1937766,chr6_13114636_C_T_b38,0.0029892,0.030918,0.010414146
rs6458639,chr6_13115110_A_G_b38,0.0028404,0.031,0.010386991
rs6921616,chr6_13115990_T_C_b38,0.0033808,0.030455,0.010391327
rs7740162,chr6_13117245_C_T_b38,0.0024018,0.03145,0.010360914
rs35902472,chr6_13117891_C_T_b38,0.0030684,0.03086,0.010422855
rs7769033,chr6_13118011_T_C_b38,0.0038245,0.030105,0.010408723
rs7744129,chr6_13118107_G_A_b38,0.0035932,0.030359,0.010426096
rs17375327,chr6_13119171_A_G_b38,0.0039561,0.030182,0.010473893
rs1937768,chr6_13119639_A_G_b38,0.0029848,0.031342,0.010555353
rs16873625,chr6_13119847_A_G_b38,0.5626932,-0.012472,0.021546323
rs149495274,chr6_13120107_C_T_b38,0.454687898,NA,NA
rs35787023,chr6_13120393_C_T_b38,0.166806,-0.043667,0.031584623
rs9349466,chr6_13121961_G_A_b38,0.327959,-0.009467,0.009677651
rs145115928,chr6_13122106_C_T_b38,0.0089224,0.139441,0.053323251
rs116234760,chr6_13124335_T_C_b38,0.262703,0.051854,0.046297169
rs869137815,chr6_13124362_CAAT_C_b38,7.66E-05,NA,NA
rs112749745,chr6_13127413_C_A_b38,0.4491684,-0.016548,0.021865689
rs6458677,chr6_13128539_A_G_b38,0.0115573,-0.026681,0.010565139
rs6941685,chr6_13128832_C_A_b38,0.4540125,-0.00712,0.009509279
rs6921579,chr6_13129373_A_T_b38,0.285567477,NA,NA
rs34603187,chr6_13130005_C_T_b38,0.0485533,-0.027167,0.013772922
rs6909002,chr6_13130523_G_A_b38,0.0075395,-0.028181,0.010546682
rs114793414,chr6_13132347_T_G_b38,0.2533812,0.052743,0.046177679
rs80217829,chr6_13132720_C_A_b38,0.015700127,NA,NA
rs11318483,chr6_13132728_CT_C_b38,0.484956146,NA,NA
rs2186159,chr6_13132969_A_G_b38,0.0332465,0.023077,0.010838883
rs35596191,chr6_13133093_A_T_b38,0.031467994,NA,NA
rs1223510,chr6_13133531_A_G_b38,0.0296617,0.023733,0.010913838
rs9473499,chr6_13133751_C_T_b38,0.603193502,NA,NA
rs6939931,chr6_13133827_C_T_b38,0.0555619,-0.02622,0.013695796
rs2327633,chr6_13133979_C_T_b38,0.0592901,-0.025841,0.013701223
rs1223512,chr6_13134196_G_A_b38,0.7748891,0.002754,0.009629853
rs183971227,chr6_13134656_G_A_b38,0.16857372,NA,NA
rs1223513,chr6_13134678_T_G_b38,0.8206403,-0.002236,0.00986232
rs6925345,chr6_13135108_A_G_b38,0.0009788,-0.034116,0.010349
rs112300377,chr6_13136582_G_A_b38,0.5132019,-0.027695,0.042356152
rs1223520,chr6_13137241_C_G_b38,0.033341391,NA,NA
rs10485363,chr6_13137533_G_T_b38,0.0658038,-0.025119,0.013653428
rs1223521,chr6_13137627_T_G_b38,0.0381024,0.022351,0.010778052
rs72823004,chr6_13137681_C_T_b38,0.3797966,0.036083,0.041084125
rs138143706,chr6_13138144_G_A_b38,0.0061222,0.133194,0.048590312
rs142649296,chr6_13138383_G_T_b38,0.523062399,NA,NA
rs6907388,chr6_13139384_A_G_b38,0.0578749,-0.025906,0.01365886
rs202230409,chr6_13140316_GGA_G_b38,0.160464,NA,NA
rs7773701,chr6_13141432_G_A_b38,0.0006634,-0.035401,0.010398985
rs1223527,chr6_13142603_T_G_b38,0.0403042,0.022242,0.010846488
rs141163564,chr6_13142660_A_G_b38,0.0057408,0.14763,0.053445945
rs116469365,chr6_13142749_C_G_b38,0.200594244,NA,NA
rs4715124,chr6_13143886_G_A_b38,0.2033342,-0.011902,0.009356113
rs1223529,chr6_13144108_A_G_b38,0.0351903,0.022817,0.010833451
rs4538692,chr6_13144428_T_A_b38,0.215168402,NA,NA
rs147517179,chr6_13144562_A_G_b38,0.0036497,0.142797,0.049122596
rs9473524,chr6_13144606_A_C_b38,0.1482836,-0.013472,0.00931918
rs13220463,chr6_13144811_G_A_b38,0.0729748,-0.024385,0.0136002
rs11966433,chr6_13145694_G_A_b38,0.064146,-0.022552,0.012182607
rs2183072,chr6_13146224_A_G_b38,0.0807043,-0.023686,0.013561095
rs1223531,chr6_13147303_A_G_b38,0.070822,0.019619,0.010859523
rs13192887,chr6_13148079_T_G_b38,0.0852095,-0.023424,0.01360889
rs1223532,chr6_13148333_A_G_b38,0.3807954,0.010225,0.011666625
rs9296614,chr6_13149260_G_A_b38,0.2889816,-0.009869,0.00930723
rs398084765,chr6_13149432_CA_C_b38,0.715582045,NA,NA
rs199817405,chr6_13150849_CATAA_C_b38,0.523062399,NA,NA
rs1223534,chr6_13150994_C_A_b38,0.0734727,0.019447,0.010864955
rs139850148,chr6_13151395_A_G_b38,0.404061678,NA,NA
rs12206342,chr6_13152289_G_A_b38,0.3696218,-0.008361,0.00931918
rs11755663,chr6_13152676_T_C_b38,0.0795174,-0.023785,0.013564354
rs112447899,chr6_13152828_G_T_b38,0.0230821,0.058072,0.025559038
rs1223535,chr6_13153167_G_C_b38,0.355131892,NA,NA
rs11753549,chr6_13154316_C_T_b38,0.5314848,-0.015837,0.025309191
rs9369888,chr6_13154448_G_A_b38,0.3939592,-0.007947,0.009322439
rs62385529,chr6_13155027_A_G_b38,0.051699,-0.023724,0.01219347
rs139141128,chr6_13155881_C_T_b38,0.2912214,-0.027233,0.025802362
rs746593,chr6_13156875_C_T_b38,0.3489317,-0.010945,0.011685094
rs114544084,chr6_13157463_C_A_b38,0.016692,0.120847,0.050491292
rs16873638,chr6_13157638_G_A_b38,0.0488286,-0.02405,0.012207593
rs17323391,chr6_13157672_A_G_b38,0.0883653,-0.023187,0.013606719
rs114874312,chr6_13157739_G_T_b38,0.8330703,-0.011219,0.053229787
rs1223538,chr6_13157867_G_A_b38,0.1275734,0.016802,0.011026807
rs71562464,chr6_13158095_T_C_b38,0.0908267,-0.023085,0.013651258
rs3864308,chr6_13159293_C_T_b38,0.3866566,-0.021375,0.0246911
rs55775344,chr6_13159294_G_A_b38,0.2940957,0.010263,0.009781934
rs55763852,chr6_13159461_A_T_b38,0.074115104,NA,NA
rs1223541,chr6_13159659_T_C_b38,0.4991056,-0.00729,0.010785656
rs1228529,chr6_13160906_C_T_b38,0.6861699,-0.00429,0.010617282
rs11961234,chr6_13161145_A_G_b38,0.6505139,0.004819,0.010636833
rs62385532,chr6_13161162_G_A_b38,0.4664313,0.007549,0.010365265
rs1223542,chr6_13161179_A_G_b38,0.0218932,-0.027965,0.012199987
rs1223544,chr6_13161258_G_A_b38,0.4214673,0.008721,0.010848658
rs77076200,chr6_13161474_A_G_b38,0.336128,-0.024029,0.024982222
rs113770547,chr6_13161536_T_TTCTA_b38,0.510963635,NA,NA
rs1223545,chr6_13161647_C_T_b38,0.4618664,0.007975,0.010838882
rs16869294,chr6_13161963_G_A_b38,0.4074105,0.00858,0.010356575
rs11755284,chr6_13162039_C_G_b38,0.481462992,NA,NA
rs111650175,chr6_13162139_G_A_b38,0.1450878,0.046193,0.031701935
rs116344518,chr6_13162311_G_A_b38,0.7692981,-0.012079,0.041184051
rs13196010,chr6_13163986_G_C_b38,0.808246596,NA,NA
rs12192359,chr6_13164416_G_A_b38,0.6248757,0.005177,0.010587952
rs10948504,chr6_13165457_G_A_b38,0.8469973,0.00214,0.011090896
rs146652373,chr6_13165771_G_GGTC_b38,0.023553001,NA,NA
rs36103270,chr6_13165895_CT_C_b38,0.590574677,NA,NA
NA,chr6_13166015_T_A_b38,0.195339079,NA,NA
NA,chr6_13166018_C_G_b38,0.019593906,NA,NA
rs9395495,chr6_13166109_G_A_b38,0.2931702,0.009923,0.009439755
rs1223547,chr6_13167026_G_T_b38,0.4135287,0.00895,0.010945339
rs4715132,chr6_13167463_T_C_b38,0.4816294,0.007274,0.010337022
rs12195007,chr6_13168072_T_G_b38,0.0720329,-0.066481,0.036956265
rs9395497,chr6_13168303_A_G_b38,0.5725408,0.005837,0.010343542
rs1237055,chr6_13168692_G_T_b38,0.0155961,-0.029639,0.012256472
rs10948508,chr6_13168810_G_T_b38,0.3019578,0.010732,0.010396766
rs1223548,chr6_13169951_A_G_b38,0.5310835,0.007055,0.011263618
rs9357620,chr6_13170402_T_C_b38,0.3854773,0.008954,0.01031747
rs1223549,chr6_13170804_T_G_b38,0.9791589,-0.000284,0.010871473
rs10456623,chr6_13171047_G_A_b38,0.0118913,-0.030925,0.012294494
rs57835953,chr6_13171163_TCCCCA_T_b38,0.496763997,NA,NA
rs1223550,chr6_13171194_A_G_b38,0.6715217,0.004495,0.010599903
rs145387224,chr6_13171334_C_T_b38,0.772281719,NA,NA
rs9381796,chr6_13171835_C_T_b38,0.1237196,0.014715,0.009559248
rs17376842,chr6_13172184_A_T_b38,0.016695898,NA,NA
rs16873671,chr6_13172572_G_A_b38,0.1322317,0.03885,0.02580779
rs9349494,chr6_13172915_G_A_b38,0.4518222,0.007788,0.010351144
rs1223551,chr6_13173379_C_T_b38,0.6601095,0.00466,0.010596641
rs1223552,chr6_13173601_G_A_b38,0.3621466,0.008434,0.009255089
rs114141182,chr6_13173618_C_T_b38,0.1125343,0.051275,0.032311335
rs7771293,chr6_13174480_G_A_b38,0.3347177,0.010001,0.010367439
rs80285744,chr6_13175623_C_T_b38,0.3766998,-0.027355,0.030944804
rs12525914,chr6_13175676_A_G_b38,0.8670128,-0.001982,0.011836083
rs4053018,chr6_13176388_C_T_b38,0.4153828,0.008504,0.010441303
rs73371745,chr6_13177321_G_A_b38,0.1601383,0.035493,0.025268997
rs12528399,chr6_13177669_G_T_b38,0.4812331,0.007302,0.010367437
rs12527257,chr6_13177837_T_C_b38,0.4871689,0.007205,0.010369611
rs9463511,chr6_13178027_G_A_b38,0.2655183,0.011321,0.010167563
rs16873682,chr6_13178158_A_G_b38,0.4732627,0.00744,0.010373957
rs61041084,chr6_13178224_C_A_b38,0.1853871,0.033488,0.025286383
rs4097413,chr6_13178378_A_G_b38,0.475891,0.007392,0.010368525
rs60384263,chr6_13178436_G_A_b38,0.0117696,-0.030934,0.012280377
rs9381807,chr6_13179162_G_A_b38,0.4345653,0.008102,0.010368525
rs6924931,chr6_13179388_C_T_b38,0.0155232,-0.029815,0.012320569
rs13200409,chr6_13179522_T_A_b38,0.781266198,NA,NA
rs1223556,chr6_13179810_T_C_b38,0.0211555,-0.028196,0.012231489
rs1150613,chr6_13180139_C_T_b38,0.215704,-0.011641,0.009402822
rs11757278,chr6_13180222_T_C_b38,0.4857422,0.007059,0.010126283
rs4715138,chr6_13180820_G_A_b38,0.7670859,0.003285,0.011090899
rs188354194,chr6_13180822_C_T_b38,0.990200997,NA,NA
rs1150611,chr6_13180892_G_T_b38,0.0271029,-0.02708,0.012253212
rs1150610,chr6_13181181_C_T_b38,0.0259795,-0.027282,0.012253212
rs77855741,chr6_13181281_A_G_b38,0.2673,-0.027755,0.025020242
rs143637975,chr6_13181587_G_A_b38,0.00814264,NA,NA
rs9381809,chr6_13181885_G_C_b38,0.487486993,NA,NA
rs6909143,chr6_13181958_G_T_b38,0.4304734,0.008254,0.010469546
rs4715139,chr6_13182158_G_A_b38,0.769951,0.003245,0.011096332
rs1150609,chr6_13182269_A_G_b38,0.0255832,-0.027309,0.01223258
rs3778646,chr6_13182453_G_T_b38,0.4884247,0.007188,0.010375042
rs3823445,chr6_13182763_G_A_b38,0.2243026,0.012449,0.010244687
rs9381810,chr6_13182889_T_C_b38,0.2395072,0.01205,0.010244687
rs9395520,chr6_13183291_C_T_b38,0.5799841,0.005622,0.010158871
rs4711932,chr6_13183338_G_T_b38,0.7807379,0.008484,0.030478784
rs1150608,chr6_13183632_G_A_b38,0.0175281,-0.02905,0.01222932
rs9381812,chr6_13183766_A_G_b38,0.2360654,0.01214,0.010245774
rs138146794,chr6_13184690_G_A_b38,0.353127891,NA,NA
rs1150607,chr6_13186695_G_A_b38,0.7904207,-0.002962,0.011145212
rs139468874,chr6_13186974_G_A_b38,0.168601,0.062549,0.045433579
rs17664981,chr6_13187371_T_C_b38,0.575987,0.015051,0.02691254
rs1150606,chr6_13187453_A_T_b38,0.9750753,NA,NA
rs1150605,chr6_13187832_T_C_b38,0.3951947,-0.008014,0.009425634
rs10948523,chr6_13187889_G_A_b38,0.0122306,-0.030909,0.012336853
rs10948524,chr6_13188261_A_G_b38,0.2225118,0.012484,0.010233826
rs1150603,chr6_13188986_G_A_b38,0.2693962,-0.010325,0.009348509
rs9367368,chr6_13189043_T_C_b38,0.2631059,0.011478,0.010256637
rs9367369,chr6_13189709_A_G_b38,0.2386814,0.012148,0.010309864
rs55637438,chr6_13189781_G_A_b38,0.20071,0.036455,0.0284909
rs56160191,chr6_13190015_C_T_b38,0.3594707,0.009817,0.010712873
rs28449962,chr6_13190287_A_G_b38,0.4690033,0.019043,0.026298791
rs7758482,chr6_13191016_C_T_b38,0.1952917,0.038945,0.030071439
rs9369915,chr6_13191215_G_A_b38,0.4352325,0.008086,0.010363092
rs9369916,chr6_13191242_G_A_b38,0.2426843,0.012191,0.010434788
NA,chr6_13191285_G_C_b38,0.016576097,NA,NA
rs9369917,chr6_13191371_A_G_b38,0.4385884,0.008006,0.010335936
rs9381818,chr6_13191535_G_A_b38,0.424684,0.008254,0.010339194
rs9349501,chr6_13191692_A_G_b38,0.4287443,0.008187,0.010345713
rs9381819,chr6_13191721_T_C_b38,0.4253611,0.008248,0.010346798
rs9349502,chr6_13191810_A_G_b38,0.4199725,0.008347,0.010350057
rs9357634,chr6_13191958_T_C_b38,0.3542205,0.009803,0.010581434
rs3864309,chr6_13192346_A_G_b38,0.3500314,0.010046,0.010749807
rs3864310,chr6_13192354_T_C_b38,0.5730448,0.005983,0.010616195
rs3864311,chr6_13192527_T_G_b38,0.0975709,0.017223,0.010395681
rs4273688,chr6_13192567_G_A_b38,0.0077118,-0.034179,0.012827865
rs13191209,chr6_13192584_G_A_b38,0.7185469,0.004079,0.011317933
rs3864312,chr6_13192878_T_G_b38,0.0358932,-0.021007,0.010012224
rs9369918,chr6_13192940_G_C_b38,0.055554199,NA,NA
rs9367373,chr6_13193099_T_C_b38,0.2197626,0.022467,0.018308132
rs66583900,chr6_13193194_T_TA_b38,0.20568989,NA,NA
rs9367374,chr6_13193287_A_G_b38,0.20568989,NA,NA
rs1223558,chr6_13193559_T_A_b38,0.912129999,NA,NA
rs4280960,chr6_13193627_G_A_b38,0.2229325,0.022316,0.018310303
rs4262187,chr6_13193753_T_C_b38,0.2317266,0.021912,0.01832225
rs147887325,chr6_13194015_T_C_b38,0.091641498,NA,NA
rs7746506,chr6_13194263_C_T_b38,0.2302596,0.021968,0.01831139
rs1223562,chr6_13194545_A_T_b38,0.675522807,NA,NA
NA,chr6_13194801_A_T_b38,0.259631221,NA,NA
rs3932443,chr6_13194852_G_A_b38,0.2323726,0.021835,0.018283144
rs3932444,chr6_13194865_G_A_b38,0.221034,0.022356,0.018267941
NA,chr6_13194910_G_C_b38,0.23436152,NA,NA
rs1150600,chr6_13195226_G_A_b38,0.3455056,0.009488,0.01005785
rs9395526,chr6_13195238_A_G_b38,0.2326151,0.021812,0.01827337
rs9381820,chr6_13195279_C_T_b38,0.231371,0.021865,0.018269023
rs9395527,chr6_13195576_G_A_b38,0.2244543,0.02219,0.018266851
rs9349503,chr6_13195618_C_T_b38,0.1415583,0.026399,0.017958347
rs1232378,chr6_13195706_T_C_b38,0.2236135,0.012297,0.010104558
rs1223563,chr6_13195838_T_C_b38,0.7148411,0.004128,0.011298379
rs373420333,chr6_13196246_GTCAAGGGAAAGGAGGCATTTTTATCCCAGGAA_G_b38,0.20568989,NA,NA
rs62385558,chr6_13196257_G_A_b38,0.7667305,0.003353,0.011302721
rs3916163,chr6_13196311_C_A_b38,0.3297773,0.00982,0.010076316
rs3864314,chr6_13196344_T_C_b38,0.2215899,0.022276,0.018224489
rs3864315,chr6_13196400_A_G_b38,0.2159422,0.022575,0.01824404
rs1150599,chr6_13196474_G_A_b38,0.1862416,0.02377,0.017983332
rs1150598,chr6_13197209_C_G_b38,0.571206609,NA,NA
rs4715145,chr6_13197349_G_T_b38,0.8131449,0.002695,0.011401575
rs3886292,chr6_13197655_T_C_b38,0.2855345,0.019585,0.018338548
rs34624425,chr6_13198342_G_A_b38,0.7760556,0.003239,0.011386367
rs13206277,chr6_13198673_T_C_b38,0.7870584,0.003077,0.011390711
rs201575984,chr6_13198767_AT_A_b38,0.243703744,NA,NA
rs4715147,chr6_13198912_T_C_b38,0.7865658,0.003084,0.011389623
rs73725622,chr6_13198977_T_C_b38,0.2790771,0.019779,0.018273369
rs74998429,chr6_13200834_G_A_b38,0.0485557,-0.076542,0.038805105
rs10807412,chr6_13201512_T_G_b38,0.0785577,-0.017477,0.0099351
rs4711936,chr6_13201515_C_T_b38,0.8327377,0.002407,0.011397229
rs10484269,chr6_13201731_A_G_b38,0.2784131,0.019824,0.018289661
rs1150594,chr6_13201859_A_G_b38,0.8426688,-0.002252,0.011346178
rs1150595,chr6_13201983_T_C_b38,0.6251411,0.005492,0.011240805
rs9296622,chr6_13202387_C_G_b38,0.078470102,NA,NA
rs138048851,chr6_13202520_C_T_b38,0.7775874,-0.011892,0.042100874
rs192360869,chr6_13203268_G_A_b38,0.240701647,NA,NA
rs12193156,chr6_13203338_A_G_b38,0.8595112,0.002014,0.011378761
rs17602291,chr6_13204544_G_A_b38,0.2664555,-0.05221,0.046982611
rs12526983,chr6_13204754_G_C_b38,0.817639403,NA,NA
rs78911927,chr6_13204803_C_T_b38,0.0465412,-0.077337,0.038853995
rs35207258,chr6_13205138_G_C_b38,0.818780802,NA,NA
rs12198274,chr6_13205397_T_G_b38,0.8300728,0.002452,0.011425472
rs138698243,chr6_13205522_C_T_b38,0.0447184,0.093137,0.046399289
rs73725623,chr6_13206050_C_T_b38,0.6892772,0.011264,0.02817154
rs114091869,chr6_13206153_G_A_b38,0.1854648,0.050331,0.038011044
rs60047957,chr6_13206481_CTAAT_C_b38,0.667762706,NA,NA
rs55760854,chr6_13206500_C_G_b38,0.801322592,NA,NA
rs6923850,chr6_13208867_C_G_b38,0.076892095,NA,NA
rs12210311,chr6_13208912_G_A_b38,0.0997426,-0.017588,0.01068463
rs1150615,chr6_13209156_T_A_b38,0.458755714,NA,NA
rs111311005,chr6_13209517_T_C_b38,0.858352998,NA,NA
rs1150616,chr6_13209562_A_G_b38,0.7785428,-0.003093,0.010998564
rs118055073,chr6_13209590_A_G_b38,0.9196486,-0.003705,0.036728126
rs6458718,chr6_13210225_A_G_b38,0.17693,-0.013682,0.010132802
rs1150617,chr6_13210226_A_G_b38,0.1563348,-0.020076,0.014162895
rs11967582,chr6_13210280_T_C_b38,0.3503245,0.016048,0.017182747
rs4715154,chr6_13210624_A_G_b38,0.3357967,0.016,0.016623314
rs4715155,chr6_13210690_A_G_b38,0.3029852,0.017011,0.016514686
rs4715156,chr6_13210698_G_A_b38,0.1203664,-0.015467,0.00995791
rs4715157,chr6_13210726_G_T_b38,0.2867067,0.017901,0.01680255
rs12665414,chr6_13211433_G_T_b38,0.3266614,0.016205,0.016521203
rs12665416,chr6_13211436_G_T_b38,0.2983674,0.017163,0.016503824
rs114087273,chr6_13211662_C_T_b38,0.829202242,NA,NA
rs4715158,chr6_13211721_C_T_b38,0.327701,0.016133,0.016483183
rs4715159,chr6_13211766_G_A_b38,0.2957425,0.01757,0.016803635
rs59566077,chr6_13212281_T_G_b38,0.3143771,0.016614,0.016513597
rs58474010,chr6_13212371_A_G_b38,0.321331,0.016907,0.017048049
rs72544759,chr6_13212484_CT_C_b38,0.998758815,NA,NA
rs1569418,chr6_13213811_A_G_b38,0.3052839,0.017574,0.017142555
rs1150619,chr6_13215251_G_C_b38,0.0775188,NA,NA
rs4715166,chr6_13215826_A_G_b38,0.2748708,-0.010547,0.009659184
rs10623313,chr6_13215993_C_CAT_b38,0.468095211,NA,NA
rs75349202,chr6_13217211_T_C_b38,0.3019293,0.017841,0.017282685
rs1008461,chr6_13218317_C_T_b38,0.0850301,0.035304,0.020499151
rs1014820,chr6_13218554_G_A_b38,0.3256962,0.016279,0.016563567
rs4715167,chr6_13220090_C_T_b38,0.2225237,-0.011682,0.009576628
rs4715168,chr6_13220183_G_A_b38,0.4526501,0.012981,0.017284856
rs4711939,chr6_13222645_T_C_b38,0.1282445,-0.014831,0.00975043
rs10948546,chr6_13223132_G_C_b38,0.21061779,NA,NA
rs13211846,chr6_13223672_A_G_b38,0.0842271,-0.01641,0.009503847
rs12205644,chr6_13223764_C_T_b38,0.2339338,-0.011386,0.009565764
rs12205710,chr6_13223847_C_T_b38,0.1073513,-0.039625,0.024608541
rs4715169,chr6_13223996_C_T_b38,0.2168034,-0.011801,0.009554902
rs142603887,chr6_13224201_G_A_b38,0.25499,-0.040281,0.03538659
rs7749528,chr6_13224591_G_A_b38,0.2290017,-0.01149,0.009551643
rs148267818,chr6_13224645_CAGCAGGGCACAGGCCACGTGTCATAAG_C_b38,0.510148111,NA,NA
rs6458720,chr6_13224845_G_A_b38,0.1140787,-0.015388,0.009738483
rs2840336,chr6_13225563_T_A_b38,0.23288601,NA,NA
rs12195574,chr6_13225739_G_A_b38,0.1492407,-0.035129,0.02435761
rs2142568,chr6_13225896_C_T_b38,0.4247242,0.013404,0.016791688
rs75513730,chr6_13226261_A_G_b38,0.4271636,0.013456,0.016945936
rs1232381,chr6_13226560_T_C_b38,0.0618576,-0.02512,0.01345247
rs73725628,chr6_13226615_G_A_b38,0.3798419,-0.022583,0.025715461
rs11968818,chr6_13226640_C_G_b38,0.425701393,NA,NA
rs11963839,chr6_13226989_G_A_b38,0.429508,0.013266,0.016791685
rs58493663,chr6_13227041_GC_G_b38,0.326585534,NA,NA
rs7765972,chr6_13227772_G_A_b38,0.4885801,0.011986,0.01730658
rs9395550,chr6_13227776_G_C_b38,0.435571104,NA,NA
rs4715174,chr6_13228518_T_A_b38,0.448792493,NA,NA
rs1014608,chr6_13228535_G_T_b38,0.1018215,-0.015558,0.009509277
rs79234993,chr6_13228848_G_A_b38,0.96490964,NA,NA
rs7759256,chr6_13229422_T_C_b38,0.8371542,0.002965,0.01442577
rs12660341,chr6_13231748_A_G_b38,0.4593539,0.012348,0.01668849
rs12660606,chr6_13231768_T_G_b38,0.4728763,0.012022,0.016748235
rs12660392,chr6_13232249_A_G_b38,0.4820085,0.011718,0.016666766
rs6928740,chr6_13232744_G_A_b38,0.1186097,-0.015244,0.009767814
rs11969387,chr6_13232937_C_A_b38,0.4667743,0.012148,0.016692833
rs73355358,chr6_13233223_T_C_b38,0.4834477,0.011694,0.016687402
rs11272260,chr6_13233338_G_GATGCTTAAATACTGCTTGGAATTTGTA_b38,0.094554888,NA,NA
rs12661071,chr6_13233521_A_G_b38,0.4849451,0.011676,0.016718903
rs12665408,chr6_13233606_C_G_b38,0.575375402,NA,NA
rs12194742,chr6_13233999_A_T_b38,0.057317704,NA,NA
rs76667323,chr6_13234022_C_T_b38,0.4626752,0.012272,0.016709127
rs1937765,chr6_13234276_C_T_b38,0.5309982,0.010894,0.01738914
rs4711945,chr6_13234840_T_G_b38,0.8726974,0.0023,0.014354082
rs4711946,chr6_13234933_A_G_b38,0.4142515,0.013555,0.016602673
rs16873855,chr6_13235263_T_C_b38,0.2276538,0.02209,0.018310303
rs73355362,chr6_13235560_G_A_b38,0.4006377,0.013957,0.01660593
rs11751747,chr6_13236372_C_G_b38,0.398943891,NA,NA
NA,chr6_13236522_C_G_b38,0.886921296,NA,NA
rs11755185,chr6_13236866_T_C_b38,0.4017772,0.013926,0.016609191
rs602976,chr6_13237875_T_C_b38,0.4648715,0.012192,0.016681972
rs603394,chr6_13237953_G_A_b38,0.4109461,0.013653,0.016604846
rs384366,chr6_13238007_T_C_b38,0.5201744,0.006549,0.010183857
rs369777908,chr6_13238063_A_AG_b38,0.746618015,NA,NA
rs377019,chr6_13238211_A_G_b38,0.4139184,0.01357,0.01660919
rs364419,chr6_13238270_G_T_b38,0.3913809,0.014236,0.016609191
rs4715183,chr6_13238687_C_T_b38,0.410825,0.013661,0.016610277
NA,chr6_13238784_T_A_b38,0.410243009,NA,NA
rs11966270,chr6_13238869_A_T_b38,0.418883005,NA,NA
rs10948550,chr6_13239053_A_T_b38,0.410414204,NA,NA
rs34275015,chr6_13239077_G_A_b38,0.4101061,0.013682,0.016610277
rs12528951,chr6_13239253_G_A_b38,0.3847027,0.014417,0.016585294
rs12528966,chr6_13239353_G_A_b38,0.4076845,0.013752,0.016609192
rs12527422,chr6_13239378_A_G_b38,0.413756,0.01362,0.016664592
rs12525681,chr6_13239382_C_T_b38,0.4013042,0.01394,0.016609193
rs12527775,chr6_13239410_T_C_b38,0.458481,0.012248,0.016521202
rs202063,chr6_13239564_C_T_b38,0.4509344,0.012444,0.016507084
rs6928672,chr6_13239981_G_A_b38,0.3933225,-0.021988,0.025758912
rs202062,chr6_13240040_A_G_b38,0.3985262,0.014027,0.016614623
rs397948529,chr6_13240383_G_GA_b38,0.432679221,NA,NA
rs202061,chr6_13240742_C_G_b38,0.505504402,NA,NA
rs175729,chr6_13240912_T_C_b38,0.4422359,0.012732,0.016568999
rs202060,chr6_13241791_G_A_b38,0.1106731,-0.021161,0.013265629
rs202059,chr6_13242587_A_G_b38,0.5804209,0.00962,0.017403259
rs201472612,chr6_13242863_TATTG_T_b38,0.922801948,NA,NA
rs144438632,chr6_13243500_AG_A_b38,0.326585534,NA,NA
rs202058,chr6_13244225_C_T_b38,0.6711671,-0.006064,0.014283467
rs202057,chr6_13244478_A_G_b38,0.5189762,0.010622,0.016470149
rs202056,chr6_13244673_C_T_b38,0.5368194,0.012363,0.020016846
rs111237122,chr6_13244907_G_C_b38,0.476804218,NA,NA
rs202055,chr6_13245385_G_T_b38,0.6068507,0.008948,0.01738914
rs140945037,chr6_13245898_T_G_b38,0.606158105,NA,NA
NA,chr6_13246173_A_T_b38,0.074756997,NA,NA
rs202026,chr6_13246774_T_C_b38,0.5260502,0.011009,0.017363069
rs76733476,chr6_13247267_C_T_b38,0.1778302,0.065102,0.048314392
rs202025,chr6_13247637_T_C_b38,0.076508,-0.023615,0.013331888
rs202024,chr6_13248614_G_A_b38,0.5586874,0.010136,0.017332651
NA,chr6_13249292_G_C_b38,0.477283216,NA,NA
rs430216,chr6_13250356_A_G_b38,0.5662242,0.009943,0.01733374
rs595864,chr6_13250840_T_C_b38,0.9579349,-0.00077,0.014598476
rs112910030,chr6_13250989_CAT_C_b38,0.510148111,NA,NA
rs1706941,chr6_13251070_C_G_b38,0.941817502,NA,NA
rs147983597,chr6_13251129_G_A_b38,0.5465884,-0.016227,0.026915796
rs546673,chr6_13251321_A_G_b38,0.8880017,-0.002061,0.014634332
rs11757292,chr6_13251511_A_G_b38,0.3545239,-0.023342,0.025211425
rs521960,chr6_13251721_G_C_b38,0.9651199,NA,NA
rs879424231,chr6_13251770_T_TTTATTATA_b38,0.481321194,NA,NA
rs879441403,chr6_13251772_AG_A_b38,0.481321194,NA,NA
rs879882937,chr6_13251774_TG_T_b38,0.481321194,NA,NA
rs879698413,chr6_13251777_A_T_b38,0.481321194,NA,NA
rs56380716,chr6_13251832_A_T_b38,0.482209204,NA,NA
rs111665974,chr6_13252119_C_G_b38,0.485744104,NA,NA
rs371765619,chr6_13252141_TGGGCAGATCGCCTGAGCCCA_T_b38,0.510148111,NA,NA
rs436490,chr6_13252637_G_A_b38,0.8579519,-0.002657,0.014845075
rs4711948,chr6_13252819_G_A_b38,0.5761024,0.009702,0.017353295
rs11366797,chr6_13252828_AG_A_b38,0.989175372,NA,NA
rs416852,chr6_13253501_A_G_b38,0.8854938,-0.002107,0.014631087
rs4711949,chr6_13253866_C_T_b38,0.5453326,0.010454,0.017285944
rs555496,chr6_13254057_A_G_b38,0.4850062,0.012354,0.01769221
rs1736502,chr6_13254428_A_G_b38,0.5564718,0.010151,0.01726096
rs57728205,chr6_13254704_A_C_b38,0.4876083,-0.017885,0.025766518
rs10948561,chr6_13254991_C_T_b38,0.9722418,-0.000509,0.014627796
rs12529141,chr6_13255073_G_A_b38,0.9642565,-0.000656,0.014638665
rs12527600,chr6_13255080_A_G_b38,0.9700292,-0.00055,0.014638691
rs58425216,chr6_13255219_C_T_b38,0.5001152,-0.017242,0.025569899
rs12525892,chr6_13255240_C_T_b38,0.5399382,0.010594,0.017284856
rs12525906,chr6_13255348_C_A_b38,0.5394537,0.010606,0.017283769
rs7763251,chr6_13255388_C_A_b38,0.8414708,0.002861,0.014304106
rs527857,chr6_13255770_G_A_b38,0.9707481,-0.000537,0.014644109
NA,chr6_13255939_C_G_b38,0.538116102,NA,NA
rs429935,chr6_13255971_C_T_b38,0.5363482,0.010688,0.01728486
rs428975,chr6_13256143_G_A_b38,0.9550292,-0.000826,0.014647361
rs443150,chr6_13256261_G_A_b38,0.5350906,0.010721,0.017284855
rs533512,chr6_13256422_G_A_b38,0.5347099,0.010731,0.017284859
rs534266,chr6_13256468_A_C_b38,0.8979747,0.001837,0.014326914
rs534404,chr6_13256517_G_A_b38,0.9773934,-0.000415,0.014645183
rs536208,chr6_13256715_G_A_b38,0.0659283,-0.024648,0.013403586
rs796286513,chr6_13256815_CA_C_b38,0.989175372,NA,NA
rs436268,chr6_13256990_C_T_b38,0.503661,0.011554,0.017277253
rs11758225,chr6_13257373_T_A_b38,0.496442186,NA,NA
rs429029,chr6_13257625_G_T_b38,0.9976568,-4.30E-05,0.014641937
rs77024833,chr6_13258023_T_G_b38,0.079412,0.049515,0.028228021
rs440530,chr6_13258177_A_G_b38,0.0850687,-0.017387,0.010096954
rs371122,chr6_13258226_C_T_b38,0.1317785,-0.014813,0.009828644
NA,chr6_13258252_G_C_b38,0.535864988,NA,NA
rs12212533,chr6_13258416_T_C_b38,0.075839,-0.017216,0.009697206
rs55903603,chr6_13258672_G_C_b38,0.498170313,NA,NA
rs4711956,chr6_13258959_A_G_b38,0.5331624,0.010771,0.017283768
rs12192056,chr6_13259009_G_T_b38,0.0811398,-0.016913,0.009697206
rs58875474,chr6_13259317_C_T_b38,0.5022297,-0.017141,0.025546004
rs413167,chr6_13259784_C_G_b38,0.590900001,NA,NA
rs73725648,chr6_13260219_C_T_b38,0.5197269,-0.016503,0.025635073
rs396360,chr6_13260221_C_T_b38,0.9045062,-0.001754,0.014620212
rs74521580,chr6_13261014_C_T_b38,0.5858163,-0.014099,0.025874059
rs393032,chr6_13261024_C_T_b38,0.9517257,-0.000888,0.014668031
rs73725649,chr6_13261154_C_T_b38,0.6346183,-0.012096,0.025452582
rs4711958,chr6_13261398_C_T_b38,0.1125056,-0.015457,0.00973957
rs534449,chr6_13261447_A_T_b38,0.852500603,NA,NA
rs16873893,chr6_13262060_G_A_b38,0.9289823,-0.001304,0.014631081
rs453695,chr6_13262274_A_G_b38,0.0974886,-0.022372,0.013500264
rs426518,chr6_13262357_T_C_b38,0.958033,0.000757,0.014385588
rs4715202,chr6_13262371_A_T_b38,0.108337506,NA,NA
rs55739420,chr6_13262761_A_G_b38,0.5429944,-0.015772,0.025928373
rs35275607,chr6_13262772_G_C_b38,0.108280706,NA,NA
rs202064,chr6_13263794_A_G_b38,0.0774093,-0.023685,0.013412274
rs202065,chr6_13263881_A_G_b38,0.69202,0.006648,0.016782993
NA,chr6_13265102_G_C_b38,0.105022792,NA,NA
rs202066,chr6_13265141_G_A_b38,0.3849297,-0.008533,0.009821039
rs11281713,chr6_13265366_G_GCAAATA_b38,0.089800042,NA,NA
rs1937767,chr6_13265516_C_G_b38,0.181093518,NA,NA
rs202067,chr6_13265833_T_C_b38,0.7837325,-0.004083,0.014876581
rs77605691,chr6_13266485_AT_A_b38,0.12331552,NA,NA
rs202068,chr6_13266818_T_C_b38,0.0828239,-0.022955,0.013234125
rs202069,chr6_13267009_T_C_b38,0.0693677,-0.02399,0.013210226
rs182148,chr6_13267315_G_A_b38,0.0839843,-0.022882,0.013241731
rs68050381,chr6_13267390_T_G_b38,0.7943171,0.002915,0.011181058
rs366904,chr6_13267449_T_C_b38,0.1221777,-0.021366,0.013822888
rs397951154,chr6_13267479_G_GT_b38,0.042846485,NA,NA
rs202070,chr6_13267706_T_C_b38,0.1300161,-0.018241,0.012047911
rs202071,chr6_13267926_A_T_b38,0.126578614,NA,NA
rs202072,chr6_13267979_A_G_b38,0.107882,-0.019353,0.012037047
rs9357660,chr6_13268164_A_C_b38,0.7929251,-0.002958,0.011267966
rs202073,chr6_13268373_A_G_b38,0.1657985,-0.016734,0.012075065
rs1150623,chr6_13268928_A_C_b38,0.0756213,-0.01918,0.010795431
rs7757265,chr6_13269090_T_C_b38,0.6985453,-0.009772,0.02523207
rs202074,chr6_13269131_T_C_b38,0.31032983,NA,NA
rs35742117,chr6_13269137_A_AG_b38,0.31032983,NA,NA
rs202075,chr6_13269245_C_T_b38,0.450905,0.01381,0.018317907
rs4464796,chr6_13269498_A_T_b38,0.567698,NA,NA
rs202076,chr6_13269588_T_C_b38,0.7066322,0.00674,0.017907292
rs114277506,chr6_13269879_T_C_b38,0.7188296,-0.012284,0.034120001
rs4605869,chr6_13270147_T_C_b38,0.0927551,-0.016022,0.009531003
NA,chr6_13270713_G_C_b38,0.988301,NA,NA
rs1223398,chr6_13270850_T_C_b38,0.1096558,-0.01715,0.010720478
rs1223399,chr6_13270988_G_A_b38,0.7501252,0.003619,0.011363555
rs143195862,chr6_13271050_C_T_b38,0.974065859,NA,NA
rs1223401,chr6_13271070_G_A_b38,0.7453678,0.00369,0.011362472
rs202077,chr6_13271206_G_A_b38,0.3303372,-0.011841,0.012164141
rs1223402,chr6_13271408_G_A_b38,0.7416403,0.003746,0.011362467
rs1223403,chr6_13271580_G_A_b38,0.7999935,0.002887,0.011395055
rs192292104,chr6_13272336_C_T_b38,0.882788271,NA,NA
rs1232392,chr6_13272439_C_G_b38,0.8019429,NA,NA
rs202054,chr6_13273086_A_G_b38,0.2674928,-0.010542,0.009507105
rs6458744,chr6_13273322_C_T_b38,0.8033571,-0.006502,0.02611195
rs202053,chr6_13273411_T_C_b38,0.2688148,-0.013391,0.012109827
rs188961245,chr6_13273663_C_T_b38,0.783970668,NA,NA
rs202051,chr6_13273891_T_C_b38,0.7551967,-0.004253,0.013640394
rs202049,chr6_13274092_G_A_b38,0.6801637,0.00731,0.017732399
rs202048,chr6_13274269_T_A_b38,0.478777706,NA,NA
rs202046,chr6_13275338_T_C_b38,0.6569865,-0.00526,0.011844777
rs41273704,chr6_13275393_G_A_b38,0.8259656,0.004675,0.02126172
rs202045,chr6_13275682_G_C_b38,0.685466097,NA,NA
rs202044,chr6_13275718_C_T_b38,0.6299272,-0.00567,0.011767653
rs1512414,chr6_13276183_A_G_b38,0.4260083,-0.008329,0.010463031
rs2235173,chr6_13276313_G_C_b38,0.5364406,NA,NA
rs397955916,chr6_13276480_C_CCTGT_b38,0.496009247,NA,NA
rs9349548,chr6_13276537_T_C_b38,0.4487387,-0.007935,0.010474978
rs202042,chr6_13277482_G_C_b38,0.773850389,NA,NA
rs9369964,chr6_13277635_G_C_b38,0.664570011,NA,NA
rs9369965,chr6_13277636_T_C_b38,0.6910215,-0.004195,0.010554277
rs495895,chr6_13277683_T_C_b38,0.7999842,-0.002962,0.011690527
rs116078317,chr6_13277687_C_T_b38,0.5873106,0.009502,0.017507545
rs2119485,chr6_13278030_T_C_b38,0.5586483,-0.006085,0.01040437
rs3817735,chr6_13278416_A_G_b38,0.6058881,-0.005376,0.010419579
rs9395602,chr6_13278521_C_T_b38,0.714649,0.004146,0.011339657
rs9381884,chr6_13278556_T_C_b38,0.7553945,0.003531,0.011334227
rs421057,chr6_13278696_G_A_b38,0.6386215,-0.00445,0.009475604
rs3817737,chr6_13278850_A_G_b38,0.7323598,0.003881,0.011348346
rs3817738,chr6_13279156_C_A_b38,0.6479312,0.005193,0.011372244
rs375661,chr6_13279199_A_G_b38,0.8429368,-0.00232,0.011708989
rs417048,chr6_13279232_G_A_b38,0.2903601,-0.010105,0.009557073
rs3817741,chr6_13279275_G_A_b38,0.7049665,0.004298,0.011351607
rs3817742,chr6_13279320_T_C_b38,0.6804036,0.004679,0.01135921
rs405078,chr6_13279635_T_A_b38,0.832706399,NA,NA
rs441213,chr6_13279674_G_T_b38,0.7856238,-0.003199,0.011761129
rs377704,chr6_13279787_A_C_b38,0.8216995,-0.002638,0.011705734
rs384730,chr6_13280205_T_A_b38,0.567971495,NA,NA
rs442614,chr6_13280222_G_A_b38,0.5315676,-0.005924,0.009469085
rs412787,chr6_13280257_T_C_b38,0.5003943,-0.006378,0.009464741
rs413120,chr6_13280409_T_C_b38,0.8384245,-0.002392,0.011730715
rs17700321,chr6_13280434_G_T_b38,0.592716,0.006312,0.01180024
rs445590,chr6_13280632_G_A_b38,0.7334955,-0.003963,0.01163947
rs445591,chr6_13280634_G_A_b38,0.7358018,-0.003927,0.011638383
rs445714,chr6_13280726_G_A_b38,0.8425268,-0.002327,0.011713336
rs7769621,chr6_13281019_C_T_b38,0.7110346,-0.009406,0.025389579
rs3846903,chr6_13281180_A_G_b38,0.3295054,-0.009101,0.0093333
rs398151,chr6_13281396_A_C_b38,0.2926992,-0.010127,0.009624424
rs369255913,chr6_13281590_TTGTC_T_b38,0.475333523,NA,NA
rs17767967,chr6_13281835_C_T_b38,0.7278458,0.00401,0.011523237
rs449321,chr6_13281860_G_A_b38,0.8417348,-0.002836,0.014203083
rs578290,chr6_13281958_G_A_b38,0.3074772,-0.022962,0.022500074
rs184746935,chr6_13282162_G_A_b38,0.745660633,NA,NA
rs35511719,chr6_13282210_T_C_b38,0.7242892,0.004065,0.011524323
rs7770755,chr6_13282414_T_C_b38,0.6628982,-0.010973,0.025172322
rs408284,chr6_13282706_A_C_b38,0.8665595,-0.002386,0.014199826
rs10569147,chr6_13282757_AAAAT_A_b38,0.966505554,NA,NA
rs452021,chr6_13282835_G_A_b38,0.8849835,-0.002058,0.014226983
rs10569148,chr6_13282898_TAG_T_b38,0.966505554,NA,NA
rs366332,chr6_13283102_C_T_b38,0.8780137,-0.002183,0.01422264
rs546017,chr6_13283227_C_G_b38,0.894593802,NA,NA
rs416831,chr6_13283692_A_G_b38,0.8768309,-0.002204,0.01422047
rs434923,chr6_13283698_C_T_b38,0.9483489,0.00112,0.017289198
rs369946,chr6_13283732_G_A_b38,0.9206048,0.00172,0.017256616
rs417024,chr6_13283745_A_C_b38,0.9172062,0.001794,0.017257706
rs450025,chr6_13283796_G_C_b38,0.871391105,NA,NA
rs9367406,chr6_13283923_A_G_b38,0.9931114,-0.000235,0.027218962
rs435465,chr6_13283971_C_T_b38,0.7952261,-0.003749,0.014445326
rs435466,chr6_13283972_C_T_b38,0.8030925,-0.0036,0.014437721
rs79243579,chr6_13284690_G_A_b38,0.9030697,0.0021,0.017243576
rs74941053,chr6_13284744_C_T_b38,0.898138,0.002207,0.01724032
rs45450,chr6_13285077_A_T_b38,0.873349101,NA,NA
rs9473896,chr6_13285481_T_A_b38,0.395048194,NA,NA
rs368590,chr6_13285970_G_T_b38,0.8782632,-0.002178,0.014219375
rs617580,chr6_13286285_A_G_b38,0.7791646,0.002774,0.009892732
rs116785225,chr6_13286335_G_A_b38,0.275283567,NA,NA
rs693758,chr6_13287168_G_A_b38,0.6989622,-0.008934,0.023101881
rs35968832,chr6_13287311_A_AC_b38,0.744695205,NA,NA
rs34931301,chr6_13287416_TG_T_b38,0.332311929,NA,NA
rs36077798,chr6_13287477_A_AG_b38,0.744695205,NA,NA
rs202041,chr6_13288193_C_A_b38,0.3770566,-0.008515,0.009639631
rs13191897,chr6_13288196_G_A_b38,0.6468696,0.005273,0.011510203
rs202040,chr6_13288303_C_T_b38,0.4934517,-0.008741,0.012763766
rs202039,chr6_13288346_G_A_b38,0.4767745,-0.00683,0.009599439
rs202038,chr6_13288416_A_G_b38,0.4911179,-0.008792,0.012769198
rs56309127,chr6_13288447_GCT_G_b38,0.324963724,NA,NA
rs202036,chr6_13288505_T_A_b38,0.377224702,NA,NA
rs3734878,chr6_13288618_C_T_b38,0.5641524,0.006634,0.011503684
rs17667989,chr6_13289008_G_A_b38,0.8764054,0.002668,0.017154512
rs9473901,chr6_13289090_C_T_b38,0.4182732,-0.007515,0.009284418
rs361522,chr6_13289764_AT_A_b38,0.324963724,NA,NA
rs397832134,chr6_13289792_G_GA_b38,0.324963724,NA,NA
rs8541,chr6_13290006_T_C_b38,0.4825812,-0.008982,0.012792009
rs398000519,chr6_13290419_T_TCTC_b38,0.623827886,NA,NA
rs475776,chr6_13290759_C_T_b38,0.2916071,-0.024298,0.023039958
rs2048552,chr6_13290778_G_A_b38,0.6039134,0.005991,0.011548223
rs202034,chr6_13290783_A_G_b38,0.3960114,-0.010827,0.012756163
rs561549,chr6_13291129_A_C_b38,0.3556548,-0.008636,0.009349594
rs202033,chr6_13291291_G_A_b38,0.9337571,0.001432,0.017228358
rs13205692,chr6_13291328_C_T_b38,0.5749836,0.006462,0.011524323
rs202032,chr6_13291844_A_G_b38,0.5907969,0.005537,0.010297916
rs202031,chr6_13291879_G_C_b38,0.9647419,NA,NA
rs202030,chr6_13291920_C_G_b38,0.449674901,NA,NA
rs202029,chr6_13291938_A_G_b38,0.6152147,0.005174,0.010293571
rs111645720,chr6_13292087_C_T_b38,0.5665949,0.006613,0.011539531
rs530507,chr6_13292193_A_C_b38,0.6960697,-0.010344,0.026480206
rs202028,chr6_13292197_A_C_b38,0.4824722,-0.008985,0.012793097
rs34505804,chr6_13292282_G_A_b38,0.5579963,0.006755,0.011530841
NA,chr6_13292628_T_C_b38,0.865812808,NA,NA
rs543645,chr6_13292878_C_T_b38,0.3059849,-0.009541,0.009320265
NA,chr6_13293025_T_A_b38,0.597780393,NA,NA
rs12203576,chr6_13293411_C_A_b38,0.3803181,-0.008172,0.009314834
rs9367412,chr6_13293715_A_G_b38,0.4544263,0.007857,0.010503223
rs515111,chr6_13293716_C_T_b38,0.4185715,-0.010322,0.012760507
rs369142917,chr6_13293803_AAATAAAT_A_b38,0.306719184,NA,NA
rs35549743,chr6_13294122_C_T_b38,0.4758468,0.008254,0.011576465
rs644309,chr6_13294256_T_C_b38,0.9206068,-0.001731,0.017367417
rs6910418,chr6_13294634_G_A_b38,0.284694,-0.010092,0.009433238
rs20500,chr6_13294744_G_A_b38,0.4429601,0.008709,0.011351606
rs20499,chr6_13294772_C_T_b38,0.3608497,0.010439,0.011424385
rs4602719,chr6_13295270_T_C_b38,0.4287036,-0.010208,0.012898465
rs1550526,chr6_13295283_A_C_b38,0.4302885,-0.010161,0.012883257
rs454563,chr6_13295304_C_T_b38,0.396945,-0.010928,0.012900637
rs796190377,chr6_13295520_AG_A_b38,0.582037765,NA,NA
rs7774863,chr6_13295974_A_G_b38,0.3515571,0.008724,0.009364803
rs9381897,chr6_13296007_C_G_b38,0.627885999,NA,NA
rs408923,chr6_13296010_G_A_b38,0.3460028,0.00882,0.009359373
rs449727,chr6_13296078_A_G_b38,0.4518843,0.007581,0.010077401
rs7755309,chr6_13296115_C_G_b38,0.796024997,NA,NA
rs402705,chr6_13296207_C_T_b38,0.4730921,0.007234,0.010082833
rs408639,chr6_13296384_T_A_b38,0.352382407,NA,NA
rs5874412,chr6_13296427_C_CA_b38,0.359317483,NA,NA
rs796308998,chr6_13296593_AC_A_b38,0.359317483,NA,NA
rs364493,chr6_13296788_T_C_b38,0.3720153,0.009257,0.010369609
rs364884,chr6_13296890_T_C_b38,0.3285056,0.00914,0.00935394
rs475165,chr6_13296931_T_C_b38,0.7548414,0.004045,0.012953864
rs381134,chr6_13297143_A_C_b38,0.36345,0.008498,0.009350681
rs453877,chr6_13297231_G_T_b38,0.4234789,0.008059,0.010068712
rs6924855,chr6_13297244_C_A_b38,0.7805651,0.003606,0.012944092
rs452309,chr6_13297263_G_C_b38,0.424284591,NA,NA
rs9369976,chr6_13297292_C_T_b38,0.7793433,0.003626,0.012941914
rs6923757,chr6_13297326_G_A_b38,0.7805112,0.003606,0.01294083
rs9473908,chr6_13297651_C_T_b38,0.7986618,0.003299,0.01293323
rs9473909,chr6_13297713_C_T_b38,0.7303104,0.004456,0.012926709
rs9296641,chr6_13297779_A_G_b38,0.8002148,0.003273,0.012933225
rs9296642,chr6_13297952_A_C_b38,0.7679882,0.003817,0.012938657
rs142629991,chr6_13298030_G_C_b38,0.523649607,NA,NA
rs6909879,chr6_13298098_A_G_b38,0.7803081,0.003607,0.012932137
NA,chr6_13298163_C_G_b38,0.345020692,NA,NA
rs2002961,chr6_13298666_A_G_b38,0.7808961,0.003598,0.012935399
rs909508,chr6_13298760_G_A_b38,0.7807775,0.0036,0.012935404
rs3857594,chr6_13298878_C_T_b38,0.7761355,0.003682,0.012948434
rs878700,chr6_13299086_C_T_b38,0.7811458,0.003595,0.012939746
rs546520,chr6_13299230_C_G_b38,0.351772299,NA,NA
rs878698,chr6_13299369_G_T_b38,0.2991477,0.009722,0.009363718
rs570338,chr6_13299485_C_A_b38,0.4234564,0.007489,0.009356114
rs629262,chr6_13299727_T_C_b38,0.3498966,0.008746,0.009356113
rs629728,chr6_13299837_A_G_b38,0.3556036,0.00866,0.009374579
rs9349559,chr6_13299921_A_C_b38,0.6150997,-0.020357,0.040486677
rs641293,chr6_13300136_A_C_b38,0.3449187,0.008846,0.009365889
rs148051715,chr6_13300175_G_A_b38,0.607434341,NA,NA
rs641688,chr6_13300222_A_G_b38,0.3514972,0.008718,0.009357198
rs488297,chr6_13300264_C_T_b38,0.4387685,0.007838,0.010123025
rs641758,chr6_13300270_A_G_b38,0.4825898,0.007104,0.010117593
rs7742398,chr6_13300767_G_T_b38,0.6570265,0.005842,0.013156999
rs202016,chr6_13300811_G_A_b38,0.4009942,0.008458,0.010070882
NA,chr6_13300819_C_G_b38,0.421690517,NA,NA
rs34142643,chr6_13300946_CT_C_b38,0.707375732,NA,NA
rs35952102,chr6_13300983_A_G_b38,0.6582645,0.005819,0.013155915
rs202018,chr6_13301270_G_A_b38,0.3932995,0.008597,0.010070884
rs35510365,chr6_13301351_GA_G_b38,0.456859159,NA,NA
rs9369978,chr6_13301472_C_G_b38,0.783418308,NA,NA
rs202019,chr6_13301558_A_C_b38,0.4212916,0.00807,0.010035036
rs202020,chr6_13301685_C_G_b38,0.349336814,NA,NA
NA,chr6_13301802_C_G_b38,0.765664194,NA,NA
rs9369979,chr6_13302053_T_C_b38,0.7780806,0.003647,0.012940828
rs202021,chr6_13302609_C_T_b38,0.4163513,0.008195,0.010082833
rs202022,chr6_13302699_G_A_b38,0.3769356,0.008879,0.010049158
rs202023,chr6_13304426_C_T_b38,0.4689406,0.00728,0.010052419
rs2439534,chr6_13305525_T_C_b38,0.4454256,0.007664,0.010043727
rs9473929,chr6_13305584_A_C_b38,0.6693438,0.005621,0.013162431
rs2439535,chr6_13305590_C_T_b38,0.4623348,0.007391,0.010055677
rs9473930,chr6_13305718_T_C_b38,0.6735911,0.005548,0.013171122
rs3800486,chr6_13306099_G_A_b38,0.6210926,0.006503,0.013155913
rs3800485,chr6_13306122_C_T_b38,0.6648643,0.005703,0.013164603
rs3800484,chr6_13306814_C_T_b38,0.6625194,0.005746,0.013165691
rs3800483,chr6_13306845_G_A_b38,0.6626847,0.005743,0.01316569
rs3800482,chr6_13307288_C_T_b38,0.6607834,0.005778,0.013166775
rs3800481,chr6_13307304_G_A_b38,0.6151239,0.006627,0.013180899
rs2439537,chr6_13307592_C_T_b38,0.4373353,0.007844,0.010099126
rs2439538,chr6_13307851_T_C_b38,0.213272,0.011684,0.009387615
rs1899262,chr6_13307950_T_C_b38,0.2851369,0.009991,0.009347423
rs3823443,chr6_13308057_A_G_b38,0.6476542,0.006021,0.013174379
rs3823442,chr6_13308082_G_A_b38,0.6339665,0.006273,0.01317438
rs397747129,chr6_13308447_C_CCT_b38,0.32560889,NA,NA
rs2439539,chr6_13308601_G_A_b38,0.3961666,0.008557,0.010085006
rs397736798,chr6_13308670_T_TA_b38,0.41041358,NA,NA
rs57296880,chr6_13308800_CCCTG_C_b38,0.41041358,NA,NA
rs2458314,chr6_13308992_C_T_b38,0.428641,0.007967,0.010065452
rs2439540,chr6_13309110_G_A_b38,0.4447848,0.007708,0.010087179
rs2458313,chr6_13309557_C_T_b38,0.4602857,0.007473,0.010120853
rs2496140,chr6_13309663_A_T_b38,0.438693511,NA,NA
rs2458312,chr6_13309757_G_A_b38,0.4231368,0.008078,0.010085006
rs2458311,chr6_13309780_T_C_b38,0.4388108,0.007807,0.010083919
rs2458310,chr6_13310076_G_C_b38,0.449011208,NA,NA
rs2439541,chr6_13310335_T_C_b38,0.4390853,0.007804,0.010086092
rs13203254,chr6_13310594_T_C_b38,0.4047295,0.008497,0.010197979
rs9381915,chr6_13310697_T_C_b38,0.3175381,0.009368,0.009372407
rs957175,chr6_13311011_C_T_b38,0.4728638,0.007212,0.010046985
rs957176,chr6_13311294_C_T_b38,0.4607852,0.007411,0.01004807
rs2496141,chr6_13311420_A_G_b38,0.3442953,0.008841,0.009348508
rs2919685,chr6_13311436_T_C_b38,0.4643623,0.007352,0.010048072
rs2496142,chr6_13311562_T_C_b38,0.5174926,0.006511,0.010060022
rs2439542,chr6_13311591_G_A_b38,0.4458646,0.007674,0.010066541
rs2496143,chr6_13311619_C_T_b38,0.3046638,0.009634,0.009385441
rs2496144,chr6_13311709_A_G_b38,0.480702,0.007091,0.010055675
rs2458309,chr6_13311854_G_A_b38,0.4624803,0.007387,0.010053502
rs2496145,chr6_13312061_A_G_b38,0.501627,0.006756,0.010054589
rs2439544,chr6_13312238_G_A_b38,0.4564774,0.007501,0.010073056
rs2496146,chr6_13312242_A_G_b38,0.4563978,0.007491,0.010057849
rs2919686,chr6_13312409_A_G_b38,0.4618745,0.007401,0.010058936
rs3001966,chr6_13312452_C_T_b38,0.4616325,0.007405,0.010058936
rs3001967,chr6_13312608_C_T_b38,0.4769997,0.007161,0.010069798
rs3001968,chr6_13312682_G_A_b38,0.5008367,0.006846,0.010169736
rs9367421,chr6_13312832_T_A_b38,0.623656393,NA,NA
rs2496147,chr6_13313001_C_T_b38,0.4657058,0.007341,0.010063281
rs6914796,chr6_13313226_C_A_b38,0.6396506,0.006193,0.01322761
rs2496148,chr6_13313321_A_G_b38,0.4735135,0.007224,0.010078489
rs61594024,chr6_13313555_A_AGAGG_b38,0.417145421,NA,NA
rs2439545,chr6_13313612_T_C_b38,0.5180935,0.006515,0.01008066
rs2439546,chr6_13313638_T_C_b38,0.3127309,0.009501,0.009411512
rs2496149,chr6_13313661_A_G_b38,0.4599904,0.007441,0.010070884
rs2458300,chr6_13314087_G_A_b38,0.48929,0.007034,0.010172994
rs2496151,chr6_13314309_A_G_b38,0.5158027,0.006562,0.010098042
rs2496152,chr6_13314315_A_G_b38,0.5610903,0.005873,0.010104558
rs2496153,chr6_13314642_A_G_b38,0.4648657,0.007385,0.010104558
rs2496154,chr6_13314799_A_G_b38,0.4436822,0.007735,0.010098042
rs2439548,chr6_13314951_T_G_b38,0.4630304,0.007413,0.010101299
rs12697949,chr6_13314980_T_C_b38,0.5753612,0.007456,0.013310166
rs2496155,chr6_13315066_A_G_b38,0.2731413,0.010422,0.009510364
rs2496156,chr6_13315146_A_G_b38,0.4955964,0.006893,0.010115421
rs2439549,chr6_13315229_G_A_b38,0.4847777,0.007086,0.010142578
rs115451403,chr6_13315607_C_T_b38,0.474928209,NA,NA
rs11759028,chr6_13315666_G_A_b38,0.6733918,0.005645,0.013392723
rs9349564,chr6_13315792_C_A_b38,0.3983238,0.008629,0.010216445
rs2496157,chr6_13315966_A_G_b38,0.4927307,0.007,0.010204497
rs3816209,chr6_13316405_G_C_b38,0.850079705,NA,NA
rs860266,chr6_13316426_T_C_b38,0.4938369,0.006884,0.010061106
rs480122,chr6_13316852_C_A_b38,0.4142289,-0.009451,0.011575379
rs2496129,chr6_13317050_A_G_b38,0.570131,0.005981,0.010532552
rs2496130,chr6_13317176_C_T_b38,0.7388743,-0.003482,0.010445652
rs2496131,chr6_13317226_G_A_b38,0.6240233,-0.005161,0.010529295
rs3823441,chr6_13317798_C_A_b38,0.404536,0.010986,0.013179812
rs34307819,chr6_13318096_A_G_b38,0.431339,0.010973,0.01394455
NA,chr6_13318237_G_C_b38,0.895476896,NA,NA
rs555100,chr6_13318377_G_A_b38,0.734253,-0.003636,0.010710701
rs1512413,chr6_13318622_T_C_b38,0.8557984,0.001749,0.009624423
rs13211719,chr6_13318624_A_C_b38,0.3677991,0.012717,0.014120529
rs498338,chr6_13318633_G_A_b38,0.647413,-0.00492,0.010757413
rs79674490,chr6_13318802_T_C_b38,0.8567141,0.005138,0.028456144
rs34928779,chr6_13319014_AC_A_b38,0.327966512,NA,NA
rs2439551,chr6_13319170_C_G_b38,0.602900914,NA,NA
rs2458308,chr6_13319636_C_T_b38,0.6912872,-0.004227,0.010644437
rs78078192,chr6_13320294_A_G_b38,0.8846883,0.004106,0.028311659
rs2496132,chr6_13320865_G_A_b38,0.6914245,-0.004222,0.010636833
rs183877499,chr6_13321589_T_C_b38,0.2063103,0.056796,0.044941494
rs2458307,chr6_13321624_T_C_b38,0.7235434,-0.003761,0.01063249
rs2496133,chr6_13321716_A_G_b38,0.8493912,0.00182,0.00958423
rs150261018,chr6_13322139_G_A_b38,0.7418703,0.024821,0.075357282
rs2458306,chr6_13322807_C_A_b38,0.7760407,0.002725,0.009578799
rs2458305,chr6_13323381_T_A_b38,0.830015003,NA,NA
rs2458304,chr6_13323663_A_G_b38,0.7647955,0.002861,0.009562503
rs2439552,chr6_13323907_C_T_b38,0.8053194,0.002359,0.009571194
rs2496134,chr6_13324070_G_T_b38,0.7630914,-0.003217,0.010672683
rs6905139,chr6_13324197_G_A_b38,0.3766997,0.012421,0.014051007
rs11970322,chr6_13324658_T_C_b38,0.4572125,0.010388,0.013972795
rs76102975,chr6_13324753_G_A_b38,0.766953975,NA,NA
rs56213308,chr6_13324774_A_T_b38,0.102555194,NA,NA
rs2439553,chr6_13325047_C_T_b38,0.7265409,0.00335,0.009578802
rs6916634,chr6_13325851_G_A_b38,0.4592389,0.010326,0.013952156
rs6923375,chr6_13327234_G_A_b38,0.3737803,0.012502,0.014056437
rs538190,chr6_13327545_T_C_b38,0.7875868,-0.002876,0.010673769
rs200860211,chr6_13327565_AC_A_b38,0.057700908,NA,NA
rs1398298,chr6_13327885_C_T_b38,0.6611803,0.004193,0.009566853
rs13212123,chr6_13328419_G_C_b38,0.371080114,NA,NA
rs11557360,chr6_13328485_C_G_b38,0.450292117,NA,NA
NA,chr6_13328502_C_CGCCGCTGCCGCT_b38,0.958864704,NA,NA
rs141894206,chr6_13328520_T_C_b38,0.4769641,-0.019293,0.027127625
rs34879621,chr6_13328697_G_GC_b38,0.671798031,NA,NA
rs78365755,chr6_13328752_G_C_b38,0.760013395,NA,NA
rs75860420,chr6_13328808_G_T_b38,0.9989214,3.80E-05,0.028110146
rs146887598,chr6_13329012_C_A_b38,0.0557695,-0.093209,0.04872826
rs35421596,chr6_13329111_A_T_b38,0.572378394,NA,NA
rs2439554,chr6_13329234_A_G_b38,0.6877427,-0.004111,0.010228396
rs2919687,chr6_13329920_G_A_b38,0.7770101,-0.003007,0.010617281
rs1512412,chr6_13330753_A_G_b38,0.7678021,0.002832,0.009591836
rs1512411,chr6_13330865_T_C_b38,0.7113809,0.003549,0.009591837
rs76486945,chr6_13330966_T_C_b38,0.9303961,-0.002453,0.028083554
rs2496136,chr6_13331218_C_T_b38,0.7689699,0.00281,0.009566851
rs71562469,chr6_13331309_G_A_b38,0.5656043,0.030145,0.05246831
rs2458303,chr6_13331395_C_A_b38,0.788849263,NA,NA
rs2458302,chr6_13331810_C_T_b38,0.6962326,0.003749,0.009602699
rs507369,chr6_13331828_G_T_b38,0.9159426,-0.001126,0.010668338
rs35350947,chr6_13332122_C_T_b38,0.2479095,0.017184,0.014872232
rs499818,chr6_13332235_G_A_b38,0.9046674,-0.001253,0.010461944
rs2439555,chr6_13332589_C_T_b38,0.7104515,0.003565,0.0096027
NA,chr6_13332644_T_A_b38,0.715918504,NA,NA
rs375793208,chr6_13333518_G_GGGGCTGTGCCTGAAGCAT_b38,0.661837585,NA,NA
rs35553402,chr6_13333576_C_T_b38,0.5548797,0.031107,0.052682308
rs2496138,chr6_13333646_G_A_b38,0.7397558,0.00321,0.00966353
rs2439556,chr6_13334075_A_G_b38,0.6435124,-0.004986,0.010773704
rs72826921,chr6_13334347_C_T_b38,0.625217767,NA,NA
rs75644655,chr6_13334376_C_T_b38,0.4977786,0.019958,0.02943705
rs74416602,chr6_13334604_G_A_b38,0.7732918,-0.012855,0.044624294
rs2919688,chr6_13335452_T_C_b38,0.8231652,0.002388,0.01068572
rs12197714,chr6_13335459_T_A_b38,0.823452895,NA,NA
rs12216354,chr6_13335489_C_A_b38,0.0967332,-0.037881,0.022807491
rs12202393,chr6_13335491_G_A_b38,0.1361364,-0.033068,0.022188313
rs3001957,chr6_13335511_G_A_b38,0.5064523,0.016731,0.025183184
rs12197650,chr6_13335517_A_G_b38,0.374101,0.019144,0.021538723
rs2919689,chr6_13335521_C_T_b38,0.4614835,0.011012,0.014953702
rs3001958,chr6_13335528_A_C_b38,0.7205768,0.005965,0.016676544
rs3001959,chr6_13335530_T_C_b38,0.9555588,0.001017,0.01824948
rs147461700,chr6_13335554_A_C_b38,0.243767826,NA,NA
rs553952912,chr6_13335582_C_T_b38,0.757835061,NA,NA
rs3001960,chr6_13335662_A_C_b38,0.5135232,-0.024539,0.037558071
rs3001962,chr6_13335708_C_T_b38,0.3568213,-0.012793,0.01388372
rs36102538,chr6_13335798_A_G_b38,0.2255185,0.017181,0.014175929
rs7766081,chr6_13336105_T_C_b38,0.2410686,0.01662,0.014177016
rs1866863,chr6_13336583_A_G_b38,0.3371248,-0.009162,0.009545125
rs146651484,chr6_13336659_T_TGGCAGCAGCAGAG_b38,0.407591684,NA,NA
rs35492161,chr6_13337018_A_C_b38,0.4587022,0.010773,0.014538745
rs2496172,chr6_13337066_A_G_b38,0.3221053,-0.009465,0.009559247
rs2496170,chr6_13337636_T_G_b38,0.2218177,-0.011668,0.009550556
rs578833,chr6_13337919_C_T_b38,0.0576275,-0.018763,0.009882957
rs573668,chr6_13338337_A_G_b38,0.0551176,-0.01893,0.009869923
rs2439557,chr6_13338763_C_G_b38,0.228375585,NA,NA
rs577374,chr6_13338770_A_G_b38,0.8175997,-0.005769,0.025013735
rs522512,chr6_13339170_C_G_b38,0.061563999,NA,NA
rs2439558,chr6_13339231_A_C_b38,0.227921,-0.011501,0.009538607
rs9463681,chr6_13339447_A_G_b38,0.9673662,0.001077,0.026324915
rs2496169,chr6_13339919_C_T_b38,0.1681513,-0.013303,0.009652667
rs34134818,chr6_13340063_C_T_b38,0.194697,0.019247,0.014841819
rs2496168,chr6_13340183_G_C_b38,0.049190494,NA,NA
rs6928934,chr6_13340423_C_T_b38,0.1329006,0.022258,0.0148114
rs6908235,chr6_13340426_A_C_b38,0.1342755,0.022181,0.014812488
rs9370020,chr6_13340735_G_T_b38,0.0702025,-0.017841,0.00985363
rs75924354,chr6_13340823_A_G_b38,0.9804747,0.000641,0.026191299
rs9381955,chr6_13341149_G_T_b38,0.0834829,-0.016724,0.009662442
rs1866864,chr6_13341195_C_T_b38,0.2600921,0.016575,0.014717981
rs1866865,chr6_13341201_C_T_b38,0.2494062,0.016882,0.014657149
rs1866866,chr6_13341342_C_G_b38,0.3251417,NA,NA
rs1971839,chr6_13341567_A_G_b38,0.0760076,-0.017129,0.009653752
rs73362967,chr6_13341582_G_A_b38,0.9925966,0.000241,0.025972854
rs74729927,chr6_13341654_C_T_b38,0.984889,0.000496,0.026188014
rs2496167,chr6_13341890_A_G_b38,0.0726618,-0.017289,0.009632028
rs541526,chr6_13342091_C_A_b38,0.0603181,-0.018124,0.009648323
rs505947,chr6_13342118_G_A_b38,0.0613165,-0.018054,0.009648322
rs539629,chr6_13342325_T_C_b38,0.0598943,-0.018154,0.009648321
NA,chr6_13342484_T_A_b38,0.964021301,NA,NA
rs537034,chr6_13342566_G_A_b38,0.0638368,-0.018276,0.009861233
rs510511,chr6_13342608_T_C_b38,0.3671325,0.013106,0.014532227
rs2496166,chr6_13342655_A_G_b38,0.176973,-0.012852,0.009519055
rs534244,chr6_13342901_G_A_b38,0.3843395,0.012642,0.014532229
rs7762713,chr6_13342904_C_T_b38,0.7307569,-0.008983,0.026104352
rs2439562,chr6_13343212_C_A_b38,0.3743519,0.012902,0.014523536
rs2439563,chr6_13343409_C_G_b38,0.375646415,NA,NA
rs2439564,chr6_13343427_T_G_b38,0.1737764,-0.012949,0.009520139
rs9473988,chr6_13343464_G_T_b38,0.3756478,0.012868,0.014524623
rs78745872,chr6_13343529_G_A_b38,0.3771337,0.012828,0.014524623
rs9473990,chr6_13343549_T_C_b38,0.3125975,0.014692,0.014549607
rs3001963,chr6_13343638_G_A_b38,0.3777679,0.01281,0.014523538
rs9381956,chr6_13343734_G_A_b38,0.0635204,-0.01832,0.009873183
rs2496165,chr6_13343771_A_G_b38,0.1910937,-0.012449,0.009522312
rs494106,chr6_13343826_C_T_b38,0.3775088,0.012816,0.01452245
rs564603,chr6_13343956_G_A_b38,0.3771367,0.012826,0.01452245
rs397972390,chr6_13344053_T_TC_b38,0.259459428,NA,NA
rs10652385,chr6_13344264_T_TCTC_b38,0.259459428,NA,NA
rs569038,chr6_13344384_G_A_b38,0.4167452,0.011759,0.014480084
rs76060062,chr6_13344619_A_G_b38,0.950606,-0.001633,0.026361758
rs2496164,chr6_13344785_G_A_b38,0.3713256,0.012982,0.014521365
rs148138712,chr6_13344863_CTTTG_C_b38,0.322921974,NA,NA
rs9473994,chr6_13344940_C_T_b38,0.2790176,0.014518,0.01341119
rs485138,chr6_13344977_T_C_b38,0.4236425,0.010661,0.013324286
rs9473995,chr6_13345105_C_T_b38,0.1886662,0.019383,0.014745136
rs11970478,chr6_13345111_C_A_b38,0.9738899,-0.000863,0.026367246
rs9473996,chr6_13345153_G_A_b38,0.19377,0.01916,0.014744053
rs9473997,chr6_13345170_A_G_b38,0.271316,0.014754,0.013412276
rs9473999,chr6_13345321_A_G_b38,0.226536,0.01777,0.014694084
rs76060281,chr6_13345345_A_AT_b38,0.984173111,NA,NA
rs9474000,chr6_13345368_G_A_b38,0.2731983,0.014695,0.013411188
rs9474002,chr6_13345420_C_G_b38,0.197319882,NA,NA
rs9474003,chr6_13345468_G_A_b38,0.1945238,0.019122,0.014739706
rs16874066,chr6_13345479_G_A_b38,0.9585984,-0.001368,0.026352026
rs60480023,chr6_13345587_G_A_b38,0.9840518,-0.000527,0.026363925
rs59443450,chr6_13345724_C_G_b38,0.9831152,NA,NA
rs77197892,chr6_13345791_G_A_b38,0.7588078,0.011942,0.038893101
rs2496163,chr6_13345896_A_G_b38,0.0366541,-0.020093,0.009615734
rs77510307,chr6_13345906_C_T_b38,0.5109593,0.018462,0.028085721
rs73364911,chr6_13345954_G_A_b38,0.9833586,-0.00055,0.026368255
rs9463686,chr6_13346128_C_T_b38,0.2497924,0.016982,0.014756002
rs7740194,chr6_13346262_G_A_b38,0.6836441,-0.010463,0.025676357
rs2254290,chr6_13346428_C_T_b38,0.0365225,-0.020123,0.009623339
rs2254291,chr6_13346452_A_G_b38,0.0426872,-0.019546,0.009643975
rs2254292,chr6_13346469_G_A_b38,0.0432148,-0.019457,0.009624422
rs2292477,chr6_13346635_C_T_b38,0.1930341,0.019285,0.014815745
rs7765412,chr6_13346681_A_G_b38,0.9629486,-0.001224,0.026348791
rs76780652,chr6_13347357_C_T_b38,0.9733565,-0.000888,0.026587714
rs67807173,chr6_13347416_A_C_b38,0.234843,0.017553,0.014775555
rs12333156,chr6_13347647_G_A_b38,0.1966975,0.019133,0.01482009
rs13200075,chr6_13347737_G_A_b38,0.2045632,0.018803,0.014821177
rs59527895,chr6_13348024_C_T_b38,0.1609459,0.020793,0.014832042
rs139198720,chr6_13348748_A_G_b38,0.944244589,NA,NA
rs477927,chr6_13348887_A_G_b38,0.1595011,-0.013883,0.009868836
rs6919374,chr6_13349042_G_T_b38,0.8591214,-0.004744,0.026727861
rs6904599,chr6_13349109_T_C_b38,0.9657845,-0.001131,0.026366144
rs538482,chr6_13349476_G_C_b38,0.150733904,NA,NA
rs13208600,chr6_13349662_G_A_b38,0.103149,0.047843,0.029355581
rs6905929,chr6_13350014_A_G_b38,0.9028669,0.003207,0.02627815
rs6926971,chr6_13350195_C_T_b38,0.2226197,0.016539,0.013561095
rs11967249,chr6_13350829_A_G_b38,0.9883425,-0.000391,0.026760607
rs11964666,chr6_13350842_C_T_b38,0.9878386,-0.000408,0.026767009
rs2439565,chr6_13350892_T_C_b38,0.0841222,-0.016712,0.009675478
rs13214709,chr6_13351410_C_T_b38,0.1919146,0.020126,0.015422977
NA,chr6_13351610_C_T_b38,0.907858881,NA,NA
NA,chr6_13352078_C_G_b38,0.09765711,NA,NA
rs182158753,chr6_13352111_C_A_b38,0.794741716,NA,NA
rs566359640,chr6_13352327_T_TACGTATATACGTGTATACATAGATAC_b38,0.444878653,NA,NA
rs201500447,chr6_13352337_CGTGT_C_b38,0.115290594,NA,NA
rs573641581,chr6_13352343_TACATAG_T_b38,0.108107616,NA,NA
rs9381968,chr6_13353502_T_C_b38,0.3546502,0.015082,0.016294171
rs150311334,chr6_13353627_G_A_b38,0.940443561,NA,NA
rs62386723,chr6_13353666_C_T_b38,0.055798,-0.05658,0.029582613
rs77649816,chr6_13353823_T_C_b38,0.1442554,-0.040609,0.02781198
rs7746490,chr6_13354977_T_C_b38,0.1278858,-0.054367,0.035709215
rs138982645,chr6_13354989_A_G_b38,0.0753415,-0.115339,0.064856225
rs497505,chr6_13355253_C_T_b38,0.8801283,0.001543,0.010231649
rs572261437,chr6_13355881_G_A_b38,0.466726036,NA,NA
rs821287,chr6_13355934_A_G_b38,0.8879986,0.001454,0.010323981
rs10628753,chr6_13356097_A_AAC_b38,0.917523743,NA,NA
rs139376360,chr6_13356345_G_A_b38,0.7591117,0.015524,0.050624907
rs524315,chr6_13357708_A_G_b38,0.9314449,0.000903,0.010496696
rs2439566,chr6_13358473_T_C_b38,0.3684165,-0.030604,0.034025486
rs877516,chr6_13358653_A_G_b38,0.2570008,-0.038876,0.034297054
rs907630,chr6_13358696_T_G_b38,0.2267365,-0.041322,0.03418408
rs477353,chr6_13358714_C_T_b38,0.7705056,-0.003114,0.010674853
rs579240,chr6_13359099_T_C_b38,0.4842519,-0.021836,0.03121746
rs187402648,chr6_13359842_G_A_b38,0.309990534,NA,NA
rs6458769,chr6_13360406_C_T_b38,0.1596343,-0.063238,0.044967563
rs2496162,chr6_13360856_A_G_b38,0.3264587,-0.009506,0.009687427
rs9463694,chr6_13361228_A_C_b38,0.4530633,-0.028804,0.038389066
rs2496161,chr6_13361533_A_G_b38,0.1801541,-0.012732,0.009499503
rs2496160,chr6_13361695_G_T_b38,0.1644252,-0.0132,0.00949407
rs116293301,chr6_13362217_C_T_b38,0.891513553,NA,NA
rs508477,chr6_13364112_C_T_b38,0.2847723,-0.038622,0.036106794
rs553948,chr6_13364317_T_A_b38,0.477356184,NA,NA
rs17618335,chr6_13364480_T_G_b38,0.1087321,-0.071342,0.044479828
rs9367440,chr6_13365681_C_G_b38,0.462642686,NA,NA
rs115061528,chr6_13365708_C_T_b38,0.476091591,NA,NA
rs821276,chr6_13366042_G_A_b38,0.4650557,-0.00687,0.009403908
rs510932,chr6_13367284_T_C_b38,0.5243316,-0.006062,0.009521227
rs200869080,chr6_13368455_CCG_C_b38,0.895115661,NA,NA
rs821277,chr6_13369248_G_C_b38,0.44147929,NA,NA
rs579028,chr6_13369689_C_T_b38,0.4224509,-0.007446,0.009282247
rs10665690,chr6_13369960_C_CACT_b38,0.372477415,NA,NA
rs552655,chr6_13370256_T_C_b38,0.4812205,-0.00657,0.00932787
rs492433,chr6_13370473_C_T_b38,0.4638189,-0.006823,0.009313747
rs4711978,chr6_13370547_T_G_b38,0.420553,-0.007452,0.00925183
rs9357702,chr6_13371240_A_G_b38,0.5134788,-0.018181,0.027823925
rs12191429,chr6_13371475_C_A_b38,0.1175711,-0.065873,0.042090019
rs573109,chr6_13373177_T_C_b38,0.4246018,-0.007415,0.009286591
rs517803,chr6_13373337_G_A_b38,0.384654,-0.008011,0.009214897
rs2496150,chr6_13373900_A_G_b38,0.4429678,-0.025174,0.032813198
rs141621756,chr6_13374508_G_A_b38,0.3790366,-0.029744,0.033812573
rs150543956,chr6_13374513_C_T_b38,0.3790046,-0.029746,0.033812577
rs821301,chr6_13374655_G_A_b38,0.4583144,-0.024953,0.033646371
rs2496139,chr6_13374904_A_G_b38,0.2325775,-0.011375,0.009528831
rs564174,chr6_13375679_C_G_b38,0.321091796,NA,NA
rs74990343,chr6_13377537_G_T_b38,0.778909924,NA,NA
rs570315,chr6_13378445_G_A_b38,0.380852,-0.00814,0.009288765
rs77893239,chr6_13378729_T_C_b38,0.5879167,0.02602,0.048020007
rs140647504,chr6_13378951_C_CA_b38,0.28074262,NA,NA
rs489396,chr6_13379383_C_T_b38,0.1410052,-0.013672,0.009287677
rs575709,chr6_13379493_G_A_b38,0.353124,-0.008619,0.009282246
rs491278,chr6_13379594_G_C_b38,0.141471012,NA,NA
rs548119,chr6_13380186_A_G_b38,0.3305285,-0.009049,0.009299626
rs77358565,chr6_13380716_A_T_b38,0.070759099,NA,NA
NA,chr6_13380824_G_A_b38,0.141616131,NA,NA
rs55922211,chr6_13380901_C_T_b38,0.2255565,0.029333,0.024204447
rs148819028,chr6_13381219_C_T_b38,0.777215012,NA,NA
rs516003,chr6_13381409_A_C_b38,0.5335293,-0.005776,0.009276814
rs553671,chr6_13381826_C_T_b38,0.4273663,-0.007376,0.009293107
rs2496173,chr6_13382058_A_C_b38,0.220119,-0.011382,0.009282246
rs143983404,chr6_13382862_T_C_b38,0.4107669,-0.030534,0.037121382
rs474159,chr6_13382901_T_G_b38,0.4926904,-0.006517,0.009499502
rs111885350,chr6_13383179_C_T_b38,0.4252267,-0.02962,0.03714636
rs476904,chr6_13383198_A_G_b38,0.194375,-0.012077,0.009306144
rs60477577,chr6_13383423_T_C_b38,0.5671527,-0.020935,0.036583668
rs501987,chr6_13383598_T_C_b38,0.1702549,-0.012807,0.009338733
rs143617943,chr6_13383867_C_T_b38,0.046425308,NA,NA
rs560396,chr6_13383951_C_T_b38,0.1617737,-0.012981,0.009277901
rs531256,chr6_13384514_T_C_b38,0.1795881,-0.012457,0.009282246
rs6903516,chr6_13384722_A_T_b38,0.114611693,NA,NA
rs78737991,chr6_13384725_C_T_b38,0.436042,-0.029082,0.037337546
rs7760579,chr6_13384876_C_G_b38,0.372377491,NA,NA
rs78267078,chr6_13385403_T_C_b38,0.6423044,-0.017008,0.03661735
rs9357708,chr6_13385590_A_G_b38,0.1481506,-0.013445,0.009297454
rs140339534,chr6_13385619_A_G_b38,0.64880839,NA,NA
rs796347323,chr6_13386197_AT_A_b38,0.258951404,NA,NA
rs12153966,chr6_13386516_C_T_b38,0.3725269,-0.008353,0.009366974
rs56119181,chr6_13386524_G_A_b38,0.1786901,-0.062275,0.04630803
rs7770078,chr6_13386740_G_A_b38,0.4119581,-0.007793,0.009498415
rs78410077,chr6_13386765_A_G_b38,0.3683394,-0.044494,0.049460404
rs55942054,chr6_13386991_A_G_b38,0.1136254,-0.055456,0.035052016
rs71783145,chr6_13387042_ACTTCTGTGTG_A_b38,0.425398497,NA,NA
rs524118,chr6_13387077_C_A_b38,0.3105321,0.009769,0.009633114
rs2439536,chr6_13387118_T_C_b38,0.3693269,0.008608,0.009588577
rs10807431,chr6_13387277_C_T_b38,0.3557782,-0.008703,0.009424548
rs10807432,chr6_13387341_T_C_b38,0.4173292,-0.007858,0.009688514
rs61492644,chr6_13387666_G_A_b38,0.4517896,-0.008073,0.010729168
rs6926072,chr6_13387702_T_C_b38,0.1718969,-0.049579,0.036291461
rs145627715,chr6_13388168_T_C_b38,0.2246413,-0.012093,0.009958999
rs10948649,chr6_13388222_C_G_b38,0.358025102,NA,NA
rs142629190,chr6_13388248_G_A_b38,0.1557802,-0.013809,0.009728706
rs113610175,chr6_13389265_A_G_b38,0.1908602,-0.051739,0.039554643
rs28813108,chr6_13389289_A_T_b38,0.133131292,NA,NA
NA,chr6_13389613_G_C_b38,0.20952758,NA,NA
rs4715248,chr6_13390305_C_T_b38,0.1446664,0.01854,0.012710539
rs821292,chr6_13390923_G_A_b38,0.4134459,0.009211,0.01126253
rs17700842,chr6_13391115_T_C_b38,0.1178411,-0.020036,0.012811563
rs149607464,chr6_13391244_G_GT_b38,0.747410167,NA,NA
rs488885,chr6_13391655_T_C_b38,0.2323022,0.012892,0.010793257
rs79458690,chr6_13392036_C_T_b38,0.8305542,-0.005117,0.023912239
rs138997818,chr6_13392250_C_T_b38,0.5800457,-0.012508,0.022605447
rs11759881,chr6_13392542_G_A_b38,0.3642728,-0.030171,0.033255316
rs520828,chr6_13392835_C_T_b38,0.2335971,0.01267,0.010636834
rs544639,chr6_13393122_A_G_b38,0.4211042,0.008685,0.01079543
rs62386724,chr6_13393173_T_C_b38,0.0884501,-0.018149,0.01065313
rs546507,chr6_13393343_G_A_b38,0.164002,0.014397,0.010344625
NA,chr6_13393473_C_G_b38,0.232868595,NA,NA
rs559565,chr6_13393490_C_A_b38,0.1404339,0.015237,0.010335936
rs6926127,chr6_13393905_A_C_b38,0.48645,-0.015465,0.022220907
rs4715250,chr6_13393928_A_G_b38,0.4753941,0.008271,0.011588414
rs4715251,chr6_13394179_C_T_b38,0.140266,0.015205,0.010309864
rs821300,chr6_13394616_A_G_b38,0.2533996,0.01197,0.010480409
rs821299,chr6_13394929_G_A_b38,0.2014047,0.013202,0.010333763
rs821298,chr6_13394959_A_T_b38,0.301750312,NA,NA
rs536916,chr6_13395326_T_C_b38,0.3405563,0.009797,0.010279449
rs500293,chr6_13395342_A_G_b38,0.2208396,0.0125,0.010209928
rs536998,chr6_13395353_G_A_b38,0.3616097,0.009374,0.010275105
rs500197,chr6_13395379_A_G_b38,0.3468991,0.009666,0.01027619
rs563424,chr6_13395904_G_A_b38,0.2241487,0.012399,0.010200151
rs563662,chr6_13395984_A_G_b38,0.3438164,0.009729,0.010277278
rs566320,chr6_13396275_A_G_b38,0.2623685,0.011402,0.010172994
rs62386725,chr6_13396963_A_G_b38,0.3564892,-0.010444,0.011326621
rs139133132,chr6_13397074_C_A_b38,0.834152007,NA,NA
rs75631194,chr6_13397268_C_T_b38,0.314725945,NA,NA
rs17618545,chr6_13397766_G_A_b38,0.358114056,NA,NA
rs513613,chr6_13397912_T_A_b38,0.337846398,NA,NA
rs513791,chr6_13397975_G_C_b38,0.33009689,NA,NA
NA,chr6_13398158_C_G_b38,0.206015509,NA,NA
rs397949324,chr6_13398304_T_TA_b38,0.200623998,NA,NA
rs6914294,chr6_13399315_A_G_b38,0.2564767,-0.021632,0.019063093
rs1837701,chr6_13399434_T_C_b38,0.5321798,0.007007,0.011216907
rs565013,chr6_13399471_T_C_b38,0.52634,0.007105,0.011213648
rs564361,chr6_13399505_T_A_b38,0.224894981,NA,NA
rs11753720,chr6_13400174_T_C_b38,0.298006,-0.01172,0.011261446
rs523221,chr6_13400435_C_A_b38,0.5026209,0.007486,0.01116694
rs79593479,chr6_13401114_G_A_b38,0.1753293,0.039888,0.02943162
rs72826932,chr6_13401210_G_A_b38,0.2203624,0.040465,0.033017423
rs9474117,chr6_13401351_C_T_b38,0.1355688,-0.016558,0.011094156
rs7742086,chr6_13401614_T_G_b38,0.1480727,-0.016051,0.011097417
rs370648474,chr6_13402587_CA_C_b38,0.214023122,NA,NA
rs375275261,chr6_13402589_TCAGTC_T_b38,0.214023122,NA,NA
rs4454121,chr6_13403920_T_C_b38,0.205893,0.012827,0.010140406
rs519657,chr6_13404923_A_C_b38,0.1725423,0.013859,0.010159959
rs494026,chr6_13405434_C_T_b38,0.3472704,0.010361,0.011023548
rs17618575,chr6_13405719_C_T_b38,0.508586,0.041183,0.062300218
rs511996,chr6_13405858_A_C_b38,0.2519192,0.020092,0.017536874
rs9357720,chr6_13406267_A_G_b38,0.5062747,0.007386,0.011112624
rs2119484,chr6_13406366_C_G_b38,0.174079709,NA,NA
rs2119483,chr6_13406428_A_G_b38,0.4509592,0.008408,0.011153903
rs62386727,chr6_13407204_G_A_b38,0.2283173,-0.013534,0.011234288
rs558126,chr6_13407348_T_C_b38,0.1425386,0.014897,0.010158873
rs558242,chr6_13407394_C_T_b38,0.1643223,0.014093,0.010133887
rs7746830,chr6_13407502_C_T_b38,0.0872985,-0.030375,0.01776499
rs7750943,chr6_13407659_C_T_b38,0.0864331,-0.030451,0.017760646
rs508153,chr6_13407690_C_T_b38,0.1618056,0.014173,0.01013063
rs10573330,chr6_13407909_CCCAA_C_b38,0.143030432,NA,NA
rs476138,chr6_13408170_T_G_b38,0.1681274,0.013961,0.010129543
rs478804,chr6_13408440_T_C_b38,0.1678835,0.013975,0.010133887
rs478630,chr6_13408562_A_G_b38,0.178937,0.013613,0.010128454
rs72826939,chr6_13408627_G_A_b38,0.4981849,0.042171,0.062258947
rs480648,chr6_13408642_T_C_b38,0.1684782,0.013948,0.010128457
rs503117,chr6_13408811_G_A_b38,0.1459691,0.014737,0.010136062
rs550403,chr6_13409709_T_C_b38,0.2161657,0.012559,0.010154527
rs70989857,chr6_13409907_A_AGCGGGG_b38,0.015468122,NA,NA
rs115347910,chr6_13411282_C_T_b38,0.369493108,NA,NA
rs116605122,chr6_13413417_C_T_b38,0.762704602,NA,NA
rs12528480,chr6_13413994_G_A_b38,0.1543564,-0.027749,0.019482399
rs519890,chr6_13414316_G_A_b38,0.2142395,0.012597,0.010142577
rs10807437,chr6_13414352_A_C_b38,0.2246536,-0.01369,0.011274482
rs11758233,chr6_13415150_G_A_b38,0.2315319,-0.013619,0.011383106
rs490443,chr6_13415291_C_A_b38,0.1924607,0.013222,0.010144751
rs487607,chr6_13415596_G_T_b38,0.4695294,0.008111,0.011214734
rs11754291,chr6_13415634_C_T_b38,0.2556271,-0.012934,0.011377676
rs485804,chr6_13415778_C_T_b38,0.2270917,0.012255,0.010145838
rs73366922,chr6_13416961_G_C_b38,0.283800504,NA,NA
rs6936420,chr6_13417514_G_A_b38,0.2599756,0.01961,0.017408693
rs78733355,chr6_13417718_G_A_b38,0.1359894,0.046367,0.031100138
rs6926083,chr6_13417805_T_C_b38,0.2708291,-0.020501,0.018617719
rs9370100,chr6_13418368_T_G_b38,0.5560916,0.010735,0.018236437
rs1345032,chr6_13418788_C_A_b38,0.2437172,0.01183,0.010148009
rs1345031,chr6_13418797_C_T_b38,0.2352881,0.012048,0.010151269
rs12527593,chr6_13419057_C_T_b38,0.2870955,-0.019857,0.018653567
rs78860605,chr6_13419942_G_A_b38,0.650565506,NA,NA
rs6910652,chr6_13419975_G_A_b38,0.1311937,0.015511,0.010276192
rs73366931,chr6_13420001_T_C_b38,0.2414801,-0.023139,0.019755053
rs73366933,chr6_13420066_T_C_b38,0.2416373,-0.02313,0.019753965
rs150095374,chr6_13420127_GGGATC_G_b38,0.225945623,NA,NA
rs16874132,chr6_13420175_C_A_b38,0.2434683,-0.023039,0.01975288
rs73366936,chr6_13420189_A_G_b38,0.2421206,-0.023105,0.019752881
rs73366937,chr6_13420210_C_T_b38,0.2426454,-0.023078,0.019751794
rs73366941,chr6_13420326_T_C_b38,0.2408832,-0.023162,0.01974962
rs73725822,chr6_13420354_T_C_b38,0.2347672,-0.023462,0.019746365
NA,chr6_13420453_C_G_b38,0.239329597,NA,NA
rs16874138,chr6_13420739_C_A_b38,0.2416634,-0.023116,0.019743104
rs73366945,chr6_13420783_C_T_b38,0.2329415,-0.023546,0.019739844
rs16874139,chr6_13420831_G_T_b38,0.2280751,-0.023797,0.019743106
NA,chr6_13420891_G_C_b38,0.158028689,NA,NA
rs16874142,chr6_13421009_A_C_b38,0.2577144,-0.022252,0.019660547
rs73366948,chr6_13421164_G_A_b38,0.2269824,-0.023853,0.019743105
NA,chr6_13421219_C_G_b38,0.226301293,NA,NA
rs73366951,chr6_13421262_C_A_b38,0.2260682,-0.0239,0.019743104
rs73366952,chr6_13421397_G_A_b38,0.2289634,-0.023749,0.019740931
rs16874145,chr6_13421930_A_T_b38,0.225452101,NA,NA
rs2165419,chr6_13422010_G_A_b38,0.1255991,0.0157,0.01025012
rs2119482,chr6_13422161_C_T_b38,0.1322266,0.015499,0.010295745
rs2119481,chr6_13422172_C_A_b38,0.1195041,0.015936,0.010235998
rs4145562,chr6_13422734_G_A_b38,0.0697192,-0.020242,0.011160422
rs6458814,chr6_13423060_C_T_b38,0.0312351,-0.022049,0.010235997
rs6458815,chr6_13423183_T_C_b38,0.0321951,-0.021916,0.010231655
rs80207402,chr6_13423545_C_T_b38,0.9456566,-0.001588,0.023297405
rs9463764,chr6_13423572_G_A_b38,0.0739489,-0.019939,0.011158247
rs148111905,chr6_13423668_C_T_b38,0.7836744,0.014158,0.051571056
rs62385763,chr6_13423952_G_A_b38,0.0729481,-0.020026,0.011168023
rs77221060,chr6_13424177_T_A_b38,0.916572501,NA,NA
rs73366960,chr6_13424393_T_C_b38,0.2685147,-0.021515,0.019444377
rs56676493,chr6_13424545_G_T_b38,0.277044,-0.021131,0.019440034
rs145536073,chr6_13424717_G_GT_b38,0.225945623,NA,NA
rs6910199,chr6_13424992_C_T_b38,0.4312444,0.015404,0.01957147
rs61017983,chr6_13425040_C_T_b38,0.2492314,-0.022851,0.019832181
rs9296672,chr6_13425300_C_T_b38,0.0779769,-0.019688,0.011170198
rs9370104,chr6_13425808_T_C_b38,0.1553374,0.014611,0.01028271
rs9395768,chr6_13426335_G_C_b38,0.137129393,NA,NA
rs7758003,chr6_13426552_C_A_b38,0.3601333,-0.017922,0.019584507
rs16874149,chr6_13426809_G_A_b38,0.2433823,-0.023194,0.019882145
rs935061,chr6_13427055_G_T_b38,0.2066892,0.014146,0.011202785
rs7740220,chr6_13427070_A_T_b38,0.349071912,NA,NA
rs1550521,chr6_13427568_G_T_b38,0.1462508,0.015025,0.010341368
rs114678991,chr6_13427575_C_T_b38,0.1366974,-0.062514,0.042006368
rs73366970,chr6_13427734_T_C_b38,0.2321261,-0.023874,0.019979914
rs1550520,chr6_13427809_C_T_b38,0.1487899,0.014964,0.010364181
rs16874152,chr6_13428139_T_C_b38,0.2991529,-0.020425,0.019672495
rs16874153,chr6_13428165_T_C_b38,0.33684,-0.018942,0.019722463
rs56013716,chr6_13428506_GTGCGA_G_b38,0.259829395,NA,NA
rs16874155,chr6_13428571_G_A_b38,0.1519209,-0.028577,0.019945151
rs398000522,chr6_13428693_GC_G_b38,0.533982772,NA,NA
rs115250714,chr6_13429656_A_G_b38,0.3440635,0.040705,0.043020955
rs139447420,chr6_13430183_C_T_b38,0.3166483,-0.030167,0.030125747
rs9474179,chr6_13430186_C_T_b38,0.3544736,-0.017925,0.019358563
rs9382080,chr6_13430258_G_A_b38,0.6109611,0.00549,0.010792172
rs147602160,chr6_13430294_G_A_b38,0.0293964,-0.063441,0.029126368
rs142281178,chr6_13430386_G_A_b38,0.0495572,-0.05378,0.02738615
rs62385764,chr6_13430393_C_T_b38,0.9785833,-0.000332,0.012367258
rs9357727,chr6_13430423_C_T_b38,0.4642984,0.007737,0.010572744
rs114193898,chr6_13430680_G_C_b38,0.51182649,NA,NA
rs9395770,chr6_13430747_A_C_b38,0.5149025,0.006922,0.01062923
rs1992387,chr6_13431082_A_G_b38,0.6560209,0.008385,0.0188252
rs60004245,chr6_13431930_G_A_b38,0.395328,-0.024905,0.02930018
rs114758445,chr6_13433716_T_G_b38,0.0372967,-0.058803,0.028236716
rs9349618,chr6_13434349_T_G_b38,0.2547632,0.012313,0.010811726
rs17618702,chr6_13434984_C_G_b38,0.037517209,NA,NA
rs7739372,chr6_13436059_G_A_b38,0.3561012,-0.02713,0.029399026
rs138225036,chr6_13436233_CATAA_C_b38,0.055688331,NA,NA
rs74679396,chr6_13436276_T_C_b38,0.0306223,-0.063538,0.029389256
rs9357728,chr6_13436387_A_G_b38,0.1560576,0.023091,0.016278964
rs111290281,chr6_13437844_T_C_b38,0.2820103,-0.028025,0.026050033
rs76083130,chr6_13437880_A_G_b38,0.0338199,-0.061568,0.029011234
rs1345030,chr6_13439053_T_A_b38,0.173349815,NA,NA
rs397725567,chr6_13439240_A_AT_b38,0.943088624,NA,NA
rs10590608,chr6_13439363_GCAA_G_b38,0.055688331,NA,NA
rs1345029,chr6_13439510_C_T_b38,0.1695844,0.014258,0.010380474
rs2327674,chr6_13439698_T_C_b38,0.3343243,-0.009339,0.009673306
rs4715295,chr6_13441192_C_A_b38,0.1350559,-0.014432,0.009657011
rs1992385,chr6_13441324_G_A_b38,0.170259,0.014234,0.010379386
rs35862487,chr6_13442859_T_C_b38,0.75708,-0.015554,0.050284897
rs113565198,chr6_13443614_G_A_b38,0.3393958,0.035347,0.036998628
rs147745294,chr6_13443690_C_G_b38,0.531586202,NA,NA
rs149507458,chr6_13444597_T_C_b38,0.798489617,NA,NA
rs114236593,chr6_13444669_G_A_b38,0.5404063,-0.017883,0.029211104
rs62385768,chr6_13444715_C_T_b38,0.2117639,0.012919,0.010345713
rs62385769,chr6_13444825_C_T_b38,0.2113197,0.012937,0.010350057
rs114494709,chr6_13444859_C_T_b38,0.3585927,0.033819,0.036837863
rs61657352,chr6_13445131_A_G_b38,0.1575049,0.014719,0.010413062
rs112920926,chr6_13445327_A_G_b38,0.763553965,NA,NA
rs62385771,chr6_13445814_A_C_b38,0.2251938,0.012599,0.010388078
rs17768735,chr6_13447072_C_T_b38,0.2622784,0.011627,0.010371784
rs551499,chr6_13450994_T_C_b38,0.2778322,-0.010046,0.009257263
rs77343626,chr6_13451055_T_C_b38,0.5981561,0.018464,0.035032463
rs13212388,chr6_13451373_G_A_b38,0.5881838,0.006423,0.011862157
rs13193595,chr6_13452002_G_A_b38,0.3303473,0.012748,0.013096167
rs13213515,chr6_13452162_T_A_b38,0.565413817,NA,NA
rs13213519,chr6_13452172_T_C_b38,0.5298195,0.007405,0.011786116
rs492676,chr6_13452857_G_A_b38,0.4899399,-0.006488,0.009397391
rs2560763,chr6_13453058_T_C_b38,0.3064874,-0.00946,0.009250745
rs2841561,chr6_13453360_C_T_b38,0.2854655,-0.009867,0.00923771
rs2841562,chr6_13454135_C_T_b38,0.2691721,-0.010205,0.009235535
rs13192043,chr6_13454275_T_C_b38,0.5069256,0.007782,0.01172637
rs2560762,chr6_13454371_A_G_b38,0.2670664,-0.01025,0.009235535
rs2841563,chr6_13454609_C_T_b38,0.2695665,-0.010193,0.009232277
rs2560761,chr6_13454915_A_G_b38,0.4297058,-0.008399,0.010635749
rs2434396,chr6_13455205_A_G_b38,0.488833,-0.006482,0.009364804
rs2841564,chr6_13455757_A_G_b38,0.4789207,-0.007469,0.010548846
rs17618766,chr6_13456114_G_A_b38,0.4693075,-0.01806,0.024958326
rs2841565,chr6_13456122_G_A_b38,0.3797469,-0.009447,0.010755238
rs62385774,chr6_13456422_G_A_b38,0.8080844,-0.006656,0.027402447
rs9367484,chr6_13456430_T_C_b38,0.4963151,0.008007,0.011769823
rs966255,chr6_13456584_C_T_b38,0.3366968,-0.0326,0.033933153
rs72826959,chr6_13457115_C_T_b38,0.4521488,-0.049302,0.065575341
rs1863995,chr6_13457385_T_C_b38,0.3628722,-0.009808,0.010779138
NA,chr6_13457557_C_G_b38,0.560043896,NA,NA
rs183497801,chr6_13457762_G_A_b38,0.403007404,NA,NA
rs7775293,chr6_13457848_C_T_b38,0.1862506,-0.027247,0.020614299
rs2560759,chr6_13457893_C_T_b38,0.4177181,-0.008546,0.010545586
rs2560758,chr6_13458143_A_G_b38,0.2553963,-0.010499,0.009231191
rs2841566,chr6_13458200_C_A_b38,0.2925633,-0.009796,0.009307231
rs12662911,chr6_13458211_C_G_b38,0.489495583,NA,NA
rs13205726,chr6_13458258_A_C_b38,0.4519336,0.008939,0.011883881
rs2560757,chr6_13458372_C_T_b38,0.472771,-0.007552,0.010518432
rs2560755,chr6_13458662_C_T_b38,0.2763862,-0.010055,0.009237709
rs9382113,chr6_13459066_C_T_b38,0.5198156,0.007581,0.011778512
rs9370128,chr6_13459084_C_T_b38,0.5198156,0.007581,0.011778512
rs9382114,chr6_13459872_A_G_b38,0.1102438,-0.01869,0.011702474
rs9370129,chr6_13460089_G_A_b38,0.5298116,0.007399,0.011776341
rs2494770,chr6_13460654_G_A_b38,0.2255528,-0.011257,0.009288763
rs146371876,chr6_13460691_G_GGATAAATATCTAATGCATGCAA_b38,0.638065902,NA,NA
rs2560754,chr6_13461863_G_A_b38,0.4551571,-0.00699,0.009359371
rs75904535,chr6_13461875_C_T_b38,0.3190791,-0.015239,0.015294794
rs2841560,chr6_13461966_T_C_b38,0.6714383,-0.004716,0.011118057
rs9367488,chr6_13462173_G_A_b38,0.5152752,0.00767,0.011788289
rs9382117,chr6_13462927_G_A_b38,0.5364392,0.007297,0.011803498
rs9382118,chr6_13463443_A_G_b38,0.5444033,0.007147,0.011790464
rs62385775,chr6_13463682_A_G_b38,0.4830258,0.008041,0.011463491
rs9382119,chr6_13463798_T_C_b38,0.547672,0.007091,0.011793719
rs6901974,chr6_13464395_G_A_b38,0.4940156,0.008003,0.011701388
rs13196546,chr6_13464595_C_T_b38,0.6163233,0.00591,0.011794808
rs2841555,chr6_13466598_T_C_b38,0.3918326,-0.00798,0.009319178
rs12191411,chr6_13467169_T_C_b38,0.695425203,NA,NA
rs9370136,chr6_13467716_T_C_b38,0.3148048,0.009551,0.009501675
rs758173837,chr6_13467722_AGC_A_b38,0.310473837,NA,NA
rs779842649,chr6_13467725_T_TTC_b38,0.310473837,NA,NA
rs114124688,chr6_13467853_A_G_b38,0.5030187,-0.029572,0.044153948
rs2560814,chr6_13471213_C_T_b38,0.8359588,-0.003405,0.016444082
rs2560812,chr6_13472410_C_T_b38,0.9252796,0.001498,0.015972629
rs16874170,chr6_13472814_A_T_b38,0.411502715,NA,NA
rs6458848,chr6_13473830_T_G_b38,0.9533413,0.000956,0.016338703
rs6458849,chr6_13474045_C_G_b38,0.929580802,NA,NA
rs62385801,chr6_13474265_G_C_b38,0.966315601,NA,NA
rs17618814,chr6_13474578_T_C_b38,0.5088676,-0.016654,0.025210339
rs56901813,chr6_13475166_ACTGT_A_b38,0.881671785,NA,NA
rs60148958,chr6_13475435_C_T_b38,0.7255076,0.012037,0.034282935
rs11759779,chr6_13475437_C_T_b38,0.1153509,0.016853,0.010703097
rs113401218,chr6_13475653_A_G_b38,0.7780198,0.004759,0.016881843
rs145641034,chr6_13475680_T_C_b38,0.9363446,0.001671,0.020922799
rs147571755,chr6_13475683_A_G_b38,0.7698885,0.004917,0.016809065
rs9800629,chr6_13475793_G_A_b38,0.4710881,0.007111,0.009866663
rs115528782,chr6_13476115_C_T_b38,0.273994679,NA,NA
rs772781291,chr6_13477215_G_GT_b38,0.071546285,NA,NA
rs141229999,chr6_13477648_TTAATAA_T_b38,0.431289832,NA,NA
rs74964043,chr6_13477757_A_T_b38,0.017014897,NA,NA
rs111231414,chr6_13478280_C_T_b38,0.0197964,-0.032058,0.013757709
rs2560811,chr6_13478477_C_G_b38,0.349822795,NA,NA
rs13203006,chr6_13478884_G_A_b38,0.2861267,0.014253,0.013362308
rs55740943,chr6_13478887_A_G_b38,0.3216805,-0.038959,0.039312402
rs115671365,chr6_13479295_T_A_b38,0.802413001,NA,NA
rs59330070,chr6_13479701_C_A_b38,0.8859398,0.00232,0.016173597
NA,chr6_13481243_G_C_b38,0.295770006,NA,NA
rs9395813,chr6_13483028_C_A_b38,0.0147007,-0.033339,0.013665375
rs56376099,chr6_13483222_G_T_b38,0.3054309,-0.018771,0.018315736
rs58378678,chr6_13483988_C_G_b38,0.262830922,NA,NA
rs58054832,chr6_13484054_G_A_b38,0.9410059,0.001218,0.016458207
rs62385805,chr6_13484408_G_A_b38,0.9931013,-0.000279,0.032267967
rs6906273,chr6_13484812_T_C_b38,0.6097802,0.008481,0.016616795
rs2115063,chr6_13484851_T_C_b38,0.0672285,0.019123,0.010448908
rs116181869,chr6_13484949_T_C_b38,0.158964,-0.078379,0.055644596
rs114976037,chr6_13486407_G_C_b38,0.630123593,NA,NA
rs62385806,chr6_13486942_C_T_b38,0.7878065,0.00917,0.034068944
rs9382141,chr6_13486999_G_C_b38,0.015954299,NA,NA
rs62385807,chr6_13487226_C_A_b38,0.684661,0.006739,0.016593983
rs62385808,chr6_13487231_G_A_b38,0.63828,0.007829,0.016653727
rs982391,chr6_13487320_G_T_b38,0.9813899,0.000755,0.032366736
rs550492110,chr6_13487778_C_T_b38,0.203555293,NA,NA
rs78596073,chr6_13487825_C_G_b38,0.605917291,NA,NA
rs6458872,chr6_13488012_A_G_b38,0.0843661,-0.019018,0.011019203
rs2059804,chr6_13489168_A_G_b38,0.0209732,-0.031689,0.013727294
rs2841549,chr6_13489322_G_A_b38,0.0951182,0.018362,0.011001825
rs62385809,chr6_13489813_C_T_b38,0.9642851,-0.001447,0.032315737
rs2841548,chr6_13490352_A_C_b38,0.1212175,0.017115,0.011044191
rs9382144,chr6_13490415_C_G_b38,0.081555893,NA,NA
rs2494774,chr6_13490672_C_T_b38,0.204058,0.01245,0.009802573
rs9395828,chr6_13491103_G_A_b38,0.5193585,0.008579,0.013314512
NA,chr6_13491230_G_A_b38,0.110531494,NA,NA
rs9370156,chr6_13491524_G_A_b38,0.0818535,-0.019531,0.01122451
rs2560810,chr6_13491684_T_C_b38,0.3637607,0.044705,0.049222523
rs7758810,chr6_13492696_T_A_b38,0.065403392,NA,NA
rs79167972,chr6_13493771_G_A_b38,0.3990529,0.038858,0.04607774
rs12192062,chr6_13494826_G_A_b38,0.2800758,0.010722,0.009926408
rs9367502,chr6_13494858_A_G_b38,0.1234272,-0.017486,0.011350517
rs9382154,chr6_13496372_C_T_b38,0.137359,-0.016928,0.01139397
rs142336198,chr6_13496441_A_G_b38,0.277095521,NA,NA
rs62385810,chr6_13498157_A_G_b38,0.9096641,0.003692,0.03253946
rs2841545,chr6_13498448_T_C_b38,0.1983262,0.013751,0.010690062
rs138391958,chr6_13498691_T_C_b38,0.5099648,-0.016024,0.024319596
rs112675977,chr6_13499033_T_A_b38,0.515029196,NA,NA
rs9382156,chr6_13499095_G_A_b38,0.1511743,-0.016227,0.011304895
rs2560806,chr6_13501600_G_A_b38,0.1851765,0.014085,0.010630318
rs2560805,chr6_13501801_T_C_b38,0.1867509,0.014039,0.010633576
rs2841544,chr6_13501933_A_G_b38,0.1855687,0.014071,0.01062923
rs2560804,chr6_13502005_G_A_b38,0.184937,0.014097,0.010633577
rs2841543,chr6_13502196_A_G_b38,0.1669889,0.014686,0.010627059
rs2841542,chr6_13502335_T_G_b38,0.1873471,0.01401,0.010625971
rs2560803,chr6_13502455_G_A_b38,0.2055798,0.013511,0.010673767
rs2560802,chr6_13502506_G_C_b38,0.187869384,NA,NA
rs62385811,chr6_13502636_C_T_b38,0.9633667,0.001614,0.035141062
rs56670804,chr6_13502682_G_GCATGTGTGTGTGTA_b38,0.227147614,NA,NA
NA,chr6_13502820_G_GAGTCGAGGAGGAGGAGCCAAGAT_b38,0.77938677,NA,NA
rs2560801,chr6_13503050_A_C_b38,0.262254687,NA,NA
rs73372816,chr6_13503097_A_C_b38,0.965607,0.001515,0.035135655
rs9370167,chr6_13503426_A_C_b38,0.2165326,-0.013882,0.011233201
rs140509214,chr6_13503435_A_T_b38,0.775222394,NA,NA
rs2560798,chr6_13503611_T_C_b38,0.2428107,0.012392,0.010609678
rs561115046,chr6_13503679_TTAG_T_b38,0.234789361,NA,NA
rs2560797,chr6_13503962_A_C_b38,0.1794935,0.014243,0.010610764
rs2560796,chr6_13504354_G_A_b38,0.2147983,0.013692,0.011037672
rs9370168,chr6_13504707_A_C_b38,0.1614403,-0.015641,0.011170197
rs2560794,chr6_13505178_T_C_b38,0.2264346,0.012861,0.01063249
rs2560793,chr6_13505595_C_T_b38,0.1686009,0.014602,0.010606421
rs7758264,chr6_13505753_A_G_b38,0.9220887,-0.003064,0.031328272
rs2560792,chr6_13505943_T_C_b38,0.1945952,0.014565,0.011228855
rs75573044,chr6_13506239_G_A_b38,0.2470901,0.028214,0.024376078
rs2560791,chr6_13506328_A_G_b38,0.2438419,0.011837,0.0101567
rs2560790,chr6_13506640_C_T_b38,0.2211191,0.013472,0.011010515
rs2560789,chr6_13506674_A_G_b38,0.185791,0.0146,0.011034412
rs62385837,chr6_13507072_G_A_b38,0.8426874,0.006379,0.032142956
rs59610068,chr6_13507141_C_T_b38,0.157306,-0.015912,0.011251667
rs111365904,chr6_13507401_G_T_b38,0.6189968,-0.012067,0.024266366
rs57489291,chr6_13507877_T_A_b38,0.859888899,NA,NA
rs9382170,chr6_13508211_A_T_b38,0.229197984,NA,NA
rs60499941,chr6_13508375_G_A_b38,0.1554916,-0.016005,0.011267962
rs9370171,chr6_13509095_A_T_b38,0.141977091,NA,NA
rs2560787,chr6_13509333_A_G_b38,0.2413307,0.011899,0.010155614
rs116296593,chr6_13509591_C_G_b38,0.522571364,NA,NA
rs78671973,chr6_13509787_A_G_b38,0.8273503,-0.011007,0.050467407
rs4715370,chr6_13509915_A_G_b38,0.1485938,-0.016305,0.011287515
rs2841540,chr6_13510386_A_G_b38,0.2476189,0.012819,0.01108764
rs9382172,chr6_13510547_T_A_b38,0.142468888,NA,NA
rs2841539,chr6_13510719_A_G_b38,0.3407358,0.010257,0.010766103
rs2560786,chr6_13510734_G_A_b38,0.2126001,0.013307,0.010675939
rs56169276,chr6_13510750_C_CTAGATA_b38,0.173545328,NA,NA
rs2841538,chr6_13511019_G_A_b38,0.1497019,0.074751,0.051889327
rs2841537,chr6_13511029_C_T_b38,0.2309818,0.012788,0.01067594
NA,chr6_13511091_G_C_b38,0.744016154,NA,NA
rs2841536,chr6_13511239_T_C_b38,0.2884741,0.011353,0.010695495
rs570871866,chr6_13511549_CG_C_b38,0.79061125,NA,NA
rs566221353,chr6_13511551_AGCG_A_b38,0.79061125,NA,NA
rs9382174,chr6_13511554_G_A_b38,0.1492266,-0.016441,0.011399402
rs9370172,chr6_13511577_C_T_b38,0.2598681,-0.013676,0.012138071
rs2841535,chr6_13511807_G_A_b38,0.2745797,0.012177,0.011145213
rs200610784,chr6_13511828_A_AT_b38,0.823020914,NA,NA
rs145317787,chr6_13511946_G_GTA_b38,0.20738799,NA,NA
rs4715371,chr6_13512081_C_G_b38,0.150163389,NA,NA
rs4715372,chr6_13512216_G_A_b38,0.1527269,-0.016206,0.01133314
rs2841533,chr6_13512255_C_T_b38,0.2558943,0.012633,0.011119142
rs2841532,chr6_13512277_G_A_b38,0.2340496,0.01212,0.010184944
rs4053013,chr6_13512332_CCT_C_b38,0.20738799,NA,NA
rs2560784,chr6_13512424_C_T_b38,0.2620338,0.01141,0.010172994
rs62385842,chr6_13512481_G_A_b38,0.7014733,0.012625,0.03293486
rs7747655,chr6_13512704_C_T_b38,0.7837895,0.009083,0.033103236
rs9370174,chr6_13512812_G_A_b38,0.6898237,-0.009235,0.023139892
NA,chr6_13513155_G_A_b38,0.359554814,NA,NA
rs4715373,chr6_13513168_A_G_b38,0.1505852,-0.016316,0.011350518
rs79923911,chr6_13513200_T_C_b38,0.8952433,0.004183,0.031768202
rs4715374,chr6_13513241_C_T_b38,0.1502635,-0.016332,0.011352693
rs4715375,chr6_13513264_G_A_b38,0.1561509,-0.018395,0.012971247
rs2560781,chr6_13513291_A_G_b38,0.2859658,0.011906,0.011158248
rs4715376,chr6_13513312_G_A_b38,0.1582024,-0.016054,0.011376592
NA,chr6_13513321_C_G_b38,0.287161426,NA,NA
rs374459191,chr6_13513361_T_TA_b38,0.591428732,NA,NA
rs2327680,chr6_13513390_C_T_b38,0.4840394,0.012186,0.017413036
rs4340988,chr6_13513567_A_G_b38,0.1496962,-0.016397,0.01138202
NA,chr6_13513588_C_CTT_b38,0.630714669,NA,NA
rs73723726,chr6_13513597_G_A_b38,0.5849393,0.021473,0.039314573
rs2560779,chr6_13513604_C_G_b38,0.4048455,NA,NA
rs2841531,chr6_13513605_C_T_b38,0.4093761,0.009244,0.011204956
rs2841530,chr6_13513633_T_C_b38,0.2785271,0.012115,0.011179974
rs113660916,chr6_13513637_C_T_b38,0.2832746,-0.034481,0.032135369
rs4512205,chr6_13513755_C_T_b38,0.1490475,-0.016431,0.011387451
rs2560778,chr6_13513780_C_G_b38,0.220377513,NA,NA
rs115404463,chr6_13513841_A_G_b38,0.6745182,-0.017571,0.041840181
rs2260026,chr6_13513871_C_A_b38,0.490930779,NA,NA
rs4715377,chr6_13514065_A_G_b38,0.1564533,-0.027099,0.019122838
rs2560777,chr6_13514164_C_G_b38,0.216198103,NA,NA
rs11755323,chr6_13514515_A_G_b38,0.4041127,-0.044734,0.053618688
rs9463861,chr6_13514750_T_C_b38,0.6657159,-0.010368,0.023998049
rs79597952,chr6_13515916_C_A_b38,0.1922034,0.046245,0.035461551
rs183547234,chr6_13516013_G_T_b38,0.807083307,NA,NA
rs188827905,chr6_13516014_C_A_b38,0.807083307,NA,NA
rs77155312,chr6_13516152_C_G_b38,0.345512689,NA,NA
rs6458898,chr6_13516864_C_G_b38,0.126201912,NA,NA
rs17618984,chr6_13517178_G_A_b38,0.6595439,-0.010643,0.024158824
rs17680885,chr6_13517225_A_G_b38,0.6670793,-0.010323,0.023998051
rs138299836,chr6_13517555_GACAA_G_b38,0.148039793,NA,NA
rs9474387,chr6_13517680_A_G_b38,0.6557476,-0.010687,0.023973071
rs62385844,chr6_13518086_A_G_b38,0.6602604,-0.010229,0.023271333
rs4715379,chr6_13518497_G_C_b38,0.116286693,NA,NA
rs4715380,chr6_13518557_G_A_b38,0.116348,-0.017856,0.011371159
rs113935796,chr6_13518637_C_T_b38,0.7000601,-0.009073,0.023551593
rs12204301,chr6_13518697_C_T_b38,0.8196275,0.003873,0.016985046
rs62385845,chr6_13519023_G_A_b38,0.7302476,0.011309,0.032799087
rs2560776,chr6_13519140_A_G_b38,0.1547796,0.014385,0.01010999
rs2841528,chr6_13519202_C_T_b38,0.2366289,0.011993,0.010133889
rs62385846,chr6_13520258_C_T_b38,0.9143612,0.003562,0.033122794
NA,chr6_13521065_C_CT_b38,0.496256056,NA,NA
rs115411846,chr6_13521570_G_T_b38,0.7143911,0.015933,0.043536935
rs2841527,chr6_13521591_G_T_b38,0.1759432,0.01375,0.010159958
rs2841526,chr6_13522811_G_A_b38,0.1899967,0.013344,0.010181683
rs9474418,chr6_13523804_G_A_b38,0.9520395,0.001158,0.019253209
rs2841525,chr6_13524266_G_C_b38,0.198046115,NA,NA
rs2560775,chr6_13525133_G_A_b38,0.2245276,0.012439,0.010241429
rs111518908,chr6_13525329_C_T_b38,0.7246119,-0.008489,0.024095813
rs9474428,chr6_13527069_C_T_b38,0.7128379,-0.008876,0.02411646
rs2560774,chr6_13527301_C_G_b38,0.220512202,NA,NA
rs2494775,chr6_13527964_G_C_b38,0.257947916,NA,NA
rs6458907,chr6_13528806_A_T_b38,0.073396693,NA,NA
rs72826994,chr6_13528999_C_T_b38,0.735652476,NA,NA
rs74734203,chr6_13529030_G_T_b38,0.4314902,-0.042448,0.053960866
rs2560769,chr6_13529890_C_T_b38,0.2591079,0.011734,0.010397854
rs2841504,chr6_13529935_G_A_b38,0.2131851,0.013052,0.010484756
rs6939496,chr6_13530385_C_T_b38,0.1506741,-0.015101,0.010507569
rs6923024,chr6_13530399_T_C_b38,0.1500027,-0.015129,0.010509739
rs2560767,chr6_13531161_T_A_b38,0.233487919,NA,NA
rs116192005,chr6_13534667_G_C_b38,0.738200404,NA,NA
NA,chr6_13538875_C_G_b38,0.353618079,NA,NA
rs4715388,chr6_13541672_T_G_b38,0.0889086,-0.018912,0.011116968
rs149299053,chr6_13541789_C_T_b38,0.6207525,-0.012256,0.024770398
rs2434398,chr6_13541842_G_A_b38,0.1731678,0.014879,0.010923611
rs62387366,chr6_13541905_G_A_b38,0.1350347,-0.01648,0.011026809
rs186652389,chr6_13541916_G_T_b38,0.6191142,-0.01232,0.02478344
rs148064907,chr6_13541917_C_T_b38,0.6188865,-0.012328,0.024783433
rs2434397,chr6_13542008_G_A_b38,0.1679266,0.015085,0.010939906
rs62387367,chr6_13542487_A_G_b38,0.1225346,-0.017053,0.011043102
rs113694908,chr6_13542517_C_A_b38,0.3722271,-0.021246,0.023810126
rs62387368,chr6_13542525_T_G_b38,0.140022,-0.016399,0.011112624
rs112566150,chr6_13542558_C_T_b38,0.1041566,-0.022685,0.013959759
rs62387369,chr6_13542569_T_C_b38,0.13135,-0.01677,0.011114797
rs116595753,chr6_13542570_C_T_b38,0.4109488,0.034185,0.041576206
NA,chr6_13542753_C_G_b38,0.121219001,NA,NA
rs61312460,chr6_13542766_G_A_b38,0.1686175,-0.015397,0.011184319
NA,chr6_13542797_T_A_b38,0.110155394,NA,NA
NA,chr6_13542879_C_G_b38,0.130668392,NA,NA
rs7763316,chr6_13543743_G_A_b38,0.1323348,-0.017906,0.011898004
rs113352254,chr6_13544009_C_T_b38,0.5808769,-0.013773,0.024946374
rs777315038,chr6_13544226_GT_G_b38,0.119162955,NA,NA
rs2841569,chr6_13544504_C_T_b38,0.181646,0.014878,0.011138695
rs398065584,chr6_13544817_CAG_C_b38,0.148507945,NA,NA
rs2841570,chr6_13544829_C_T_b38,0.1627775,0.015567,0.011152817
rs62387370,chr6_13544853_A_C_b38,0.9346083,0.002833,0.034528441
rs61401710,chr6_13546717_T_C_b38,0.7986525,0.009246,0.036245832
rs112592869,chr6_13546740_A_C_b38,0.5415428,-0.015161,0.024834491
rs67886427,chr6_13547621_TTCTTTCTAC_T_b38,0.20436795,NA,NA
rs2841572,chr6_13547726_C_T_b38,0.1814024,0.015091,0.011291859
rs73356466,chr6_13547863_T_C_b38,0.4669993,-0.018165,0.024973534
rs2841573,chr6_13547933_A_G_b38,0.3349858,0.022827,0.023676515
rs9382205,chr6_13548352_G_A_b38,0.2379928,-0.015032,0.012738782
rs2560764,chr6_13548459_A_C_b38,0.1451459,0.017236,0.011830655
rs796410031,chr6_13548522_TC_T_b38,0.801422141,NA,NA
rs115885670,chr6_13549138_C_T_b38,0.3764037,-0.031741,0.035884108
rs11756530,chr6_13553085_G_A_b38,0.1528082,-0.033721,0.023586358
rs2033211,chr6_13553253_A_G_b38,0.1804941,-0.030757,0.022966091
rs2033210,chr6_13553333_G_A_b38,0.172763,-0.031233,0.022908518
rs4712032,chr6_13553811_A_G_b38,0.303394,-0.01013,0.009842765
rs2195306,chr6_13554303_G_A_b38,0.1167777,-0.035653,0.022731456
rs74602670,chr6_13554360_C_G_b38,0.813379503,NA,NA
rs112500227,chr6_13556421_A_T_b38,0.13588391,NA,NA
rs201316726,chr6_13556753_C_CTGTA_b38,0.185802682,NA,NA
rs16874221,chr6_13557089_A_G_b38,0.1440945,-0.032882,0.022510941
rs115114886,chr6_13557249_G_T_b38,0.1114966,-0.060467,0.037993664
rs369214395,chr6_13557286_A_ACTTTT_b38,0.185802682,NA,NA
rs74579403,chr6_13558020_C_T_b38,0.7329449,-0.014495,0.042481073
rs68062533,chr6_13558463_A_C_b38,0.1317366,-0.034014,0.022566344
rs6458940,chr6_13558533_T_G_b38,0.1586293,-0.01386,0.009831903
rs11756543,chr6_13559640_C_T_b38,0.1368595,-0.033445,0.022482699
rs12175268,chr6_13560413_C_G_b38,0.906673002,NA,NA
rs10498683,chr6_13560602_C_T_b38,0.232419,0.014304,0.011978387
rs12193855,chr6_13560797_G_A_b38,0.5623124,-0.006007,0.010367438
rs12216101,chr6_13560810_T_G_b38,0.5570751,-0.006073,0.010342452
rs12207944,chr6_13561294_C_A_b38,0.5390625,-0.006362,0.010357662
rs12207743,chr6_13561572_T_A_b38,0.52483479,NA,NA
rs16874223,chr6_13562045_G_T_b38,0.132694,-0.031756,0.021120503
rs79951548,chr6_13562190_C_A_b38,0.7000836,0.011349,0.029462034
rs16874225,chr6_13562525_G_C_b38,0.139702801,NA,NA
rs67050903,chr6_13562637_G_T_b38,0.1275915,-0.034569,0.022688004
rs13202398,chr6_13562715_A_G_b38,0.4447982,-0.009206,0.012047911
rs113494952,chr6_13562854_G_C_b38,0.094899703,NA,NA
rs16874227,chr6_13563480_G_C_b38,0.122668312,NA,NA
rs12663015,chr6_13563771_C_T_b38,0.3643102,0.011516,0.012694246
rs9296714,chr6_13563825_C_G_b38,0.8601277,NA,NA
rs79705029,chr6_13565616_G_A_b38,0.5879338,-0.012123,0.022374068
rs142810795,chr6_13565828_C_T_b38,0.7299022,-0.017216,0.0498645
rs116578433,chr6_13566151_A_G_b38,0.4785246,-0.031013,0.043761794
rs4712037,chr6_13566778_C_G_b38,0.448723492,NA,NA
rs9382221,chr6_13568410_C_T_b38,0.973898,-0.000311,0.009504936
rs115371454,chr6_13568607_G_C_b38,0.1052354,NA,NA
rs397959864,chr6_13568974_T_TTA_b38,0.66123253,NA,NA
rs2804914,chr6_13570020_G_A_b38,0.735128,0.003406,0.010067626
rs9382222,chr6_13570054_C_T_b38,0.7554538,-0.003161,0.010149099
rs11753306,chr6_13570071_T_C_b38,0.7346041,0.003413,0.010067625
rs10948756,chr6_13570114_A_G_b38,0.9140552,-0.001159,0.010738941
rs2841505,chr6_13571363_T_G_b38,0.7717783,0.002922,0.01007414
rs9357770,chr6_13572210_C_T_b38,0.577512,0.016123,0.028944967
rs10948757,chr6_13572421_G_C_b38,0.468061504,NA,NA
rs2804922,chr6_13572454_C_T_b38,0.6880873,0.004036,0.010053503
rs3807053,chr6_13572906_G_C_b38,0.854445603,NA,NA
rs2804923,chr6_13573631_C_T_b38,0.8044039,0.002341,0.009452792
rs2804924,chr6_13574110_G_A_b38,0.7183605,0.003645,0.010106729
rs112443954,chr6_13574259_G_C_b38,0.502100205,NA,NA
rs2804925,chr6_13574703_C_T_b38,0.7595931,0.003388,0.011071347
rs2804926,chr6_13575450_G_A_b38,0.6458074,0.004643,0.010102387
rs2841506,chr6_13575661_C_T_b38,0.7008161,0.003864,0.010056763
rs2804927,chr6_13575901_G_A_b38,0.6482786,0.004581,0.010042642
rs2841507,chr6_13575947_T_C_b38,0.7321659,0.003443,0.010060021
rs72827000,chr6_13576405_A_G_b38,0.7687632,-0.006528,0.022204606
rs2328676,chr6_13576476_T_G_b38,0.6922895,0.003992,0.010087177
NA,chr6_13576998_C_G_b38,0.682716708,NA,NA
rs4712041,chr6_13577014_C_T_b38,0.4723998,-0.012515,0.017416296
rs9382227,chr6_13578852_G_T_b38,0.8421281,-0.002045,0.010267501
rs2804910,chr6_13578906_G_A_b38,0.7275049,0.003505,0.010058933
rs2804911,chr6_13579596_A_C_b38,0.7374758,0.003367,0.010044812
rs2804912,chr6_13579676_T_G_b38,0.8038999,0.002345,0.009444103
rs2804913,chr6_13580353_G_C_b38,0.797925492,NA,NA
rs2804915,chr6_13580944_T_C_b38,0.7007829,-0.004309,0.011213649
rs2804916,chr6_13581612_T_C_b38,0.7343796,0.003416,0.010067624
rs115560417,chr6_13582795_A_C_b38,0.9367959,-0.00505,0.063684133
rs184835257,chr6_13583062_C_T_b38,0.2860822,-0.039713,0.037227832
rs2841511,chr6_13583743_C_G_b38,0.76388721,NA,NA
rs2804917,chr6_13583969_T_C_b38,0.6930515,0.003955,0.010019828
rs2804918,chr6_13584351_A_G_b38,0.7123227,0.00348,0.009437584
rs34434708,chr6_13584770_CAT_C_b38,0.728055459,NA,NA
rs2804919,chr6_13584910_G_A_b38,0.6851689,0.004064,0.010024175
rs2804920,chr6_13585050_T_C_b38,0.7873771,0.002733,0.0101328
rs4449622,chr6_13585642_C_T_b38,0.6482947,-0.005105,0.011191923
rs112519665,chr6_13585998_G_T_b38,0.894187979,NA,NA
rs397818307,chr6_13587502_G_GA_b38,0.808271055,NA,NA
rs2841512,chr6_13587748_C_T_b38,0.6912255,0.005993,0.015088401
rs34942769,chr6_13588487_TA_T_b38,0.987502911,NA,NA
NA,chr6_13589641_G_C_b38,0.69574181,NA,NA
rs4712047,chr6_13589953_A_G_b38,0.2967882,-0.010028,0.009611388
rs3734674,chr6_13591903_C_T_b38,0.7326763,-0.003523,0.010314209
rs114429559,chr6_13592663_G_A_b38,0.423773,0.015755,0.019696393
rs2804921,chr6_13594434_G_T_b38,0.9840602,0.00022,0.011011614
rs72829105,chr6_13594630_G_A_b38,0.6598412,0.008866,0.020143938
rs72829106,chr6_13595240_G_A_b38,0.9814534,-0.00026,0.01118433
rs139847196,chr6_13595846_G_A_b38,0.4228063,0.015713,0.019602972
rs13219559,chr6_13596749_A_G_b38,0.9979554,2.80E-05,0.010926706
rs12192310,chr6_13597598_T_C_b38,0.2637436,-0.013518,0.012095707
rs147026380,chr6_13597765_C_T_b38,0.1226081,0.08152,0.052800719
rs7759452,chr6_13597890_G_A_b38,0.9795117,0.00028,0.01090296
rs11751539,chr6_13598324_A_T_b38,0.465606908,NA,NA
rs3757261,chr6_13599071_C_T_b38,0.6880678,-0.004475,0.011146298
rs72829108,chr6_13599448_G_C_b38,0.883958398,NA,NA
rs2253217,chr6_13600227_T_C_b38,0.8643242,-0.00176,0.010300091
rs2841514,chr6_13601296_T_C_b38,0.9411631,-0.000692,0.009375668
rs76212930,chr6_13602040_A_G_b38,0.462689,0.014302,0.019473705
rs41273886,chr6_13604478_A_T_b38,0.286535697,NA,NA
rs41273888,chr6_13604686_T_C_b38,0.268057,-0.040606,0.036662967
rs147185389,chr6_13606743_G_A_b38,0.4906324,0.013448,0.019509553
rs2841515,chr6_13607758_A_G_b38,0.9100909,0.001058,0.009369143
rs147256622,chr6_13607906_A_T_b38,0.358576094,NA,NA
rs2841516,chr6_13608060_T_C_b38,0.5524552,-0.006698,0.011274479
rs141467303,chr6_13608916_G_A_b38,0.6642907,0.01437,0.033110837
rs2841517,chr6_13609956_A_G_b38,0.9079226,0.001083,0.009363713
rs2841518,chr6_13610675_A_C_b38,0.9111706,0.001045,0.009366978
rs5874428,chr6_13611578_CCA_C_b38,0.842319208,NA,NA
rs34162626,chr6_13611846_A_G_b38,0.8542165,-0.004032,0.02194391
rs146022830,chr6_13612260_T_C_b38,0.949850387,NA,NA
rs2841520,chr6_13612490_A_G_b38,0.9610156,0.000469,0.009595092
rs2841521,chr6_13612571_C_T_b38,0.9565647,-0.000521,0.009565778
rs147433350,chr6_13612615_C_T_b38,0.49730801,NA,NA
rs12154064,chr6_13612898_G_A_b38,0.7703459,0.007551,0.025866456
rs2841522,chr6_13613079_C_T_b38,0.8178553,0.00215,0.009335474
rs2841523,chr6_13613551_A_G_b38,0.7940807,0.002435,0.009328954
rs79562910,chr6_13613564_A_G_b38,0.5959992,0.010129,0.01910546
rs2841524,chr6_13615169_A_C_b38,0.7737454,0.00269,0.009357198
rs149070739,chr6_13615222_C_T_b38,0.3674763,0.024108,0.02675068
NA,chr6_13615352_G_A_b38,0.535061627,NA,NA
NA,chr6_13616480_A_T_b38,0.588144493,NA,NA
rs13218921,chr6_13618308_C_T_b38,0.6521742,0.004912,0.010897543
rs3823453,chr6_13619192_G_C_b38,0.763255307,NA,NA
rs3800503,chr6_13619397_A_G_b38,0.743257,0.003035,0.009265951
rs72829112,chr6_13619407_C_T_b38,0.5450475,-0.012575,0.020778327
rs3757260,chr6_13620645_A_T_b38,0.749829902,NA,NA
rs386406218,chr6_13621900_T_TC_b38,0.999242585,NA,NA
rs115719968,chr6_13622335_A_G_b38,0.343335,0.024267,0.025609006
rs56163379,chr6_13622865_T_C_b38,0.956475,-0.002305,0.042233458
rs12209803,chr6_13623092_T_C_b38,0.694975,0.003635,0.009270296
rs115754676,chr6_13623588_A_G_b38,0.3687457,-0.052898,0.058852368
rs12664567,chr6_13624348_A_C_b38,0.6702247,0.003962,0.009303972
rs7742903,chr6_13624734_G_C_b38,0.656562308,NA,NA
rs10948800,chr6_13625181_A_G_b38,0.3228847,0.011751,0.01188714
rs4712058,chr6_13625480_C_T_b38,0.2403878,0.041746,0.035558227
rs77148931,chr6_13626449_T_C_b38,0.0382851,-0.079345,0.038297814
rs9382303,chr6_13626919_A_G_b38,0.4589143,0.010854,0.014654976
rs7760411,chr6_13627827_C_T_b38,0.704873,0.003528,0.009314834
rs7742342,chr6_13628125_A_G_b38,0.747877,-0.003505,0.010904058
rs11962124,chr6_13628970_A_C_b38,0.6732237,0.00391,0.009271383
rs397734697,chr6_13628988_A_AT_b38,0.790127754,NA,NA
rs147993403,chr6_13629115_CTTT_C_b38,0.772446818,NA,NA
rs140450725,chr6_13630263_A_G_b38,0.0320184,0.157846,0.073615994
rs10807467,chr6_13630632_T_G_b38,0.8255775,0.002059,0.009343077
rs6899402,chr6_13630729_C_T_b38,0.9018303,0.001153,0.009347419
rs17619307,chr6_13631323_A_C_b38,0.217279,-0.024044,0.019487828
rs7745101,chr6_13633290_T_A_b38,0.647456795,NA,NA
rs7745281,chr6_13633414_T_C_b38,0.2070496,0.043864,0.034765246
rs10948804,chr6_13633806_A_T_b38,0.740324308,NA,NA
rs17769105,chr6_13633840_G_A_b38,0.6352268,0.006428,0.013550232
rs151033419,chr6_13633928_A_T_b38,0.437718707,NA,NA
rs398000531,chr6_13634059_GA_G_b38,0.655422142,NA,NA
rs707816,chr6_13634750_C_T_b38,0.9652594,-0.000441,0.01012521
rs79126916,chr6_13635072_T_G_b38,0.1673613,0.02663,0.019286867
rs56167238,chr6_13635485_T_C_b38,0.8486808,0.005992,0.031404299
rs1060567,chr6_13635906_G_A_b38,0.3689909,0.024998,0.027826102
rs76243851,chr6_13636711_T_C_b38,0.2345557,0.024064,0.020243875
rs3216841,chr6_13637382_CA_C_b38,0.894492582,NA,NA
rs2071836,chr6_13638011_T_C_b38,0.8324087,-0.002047,0.009673303
rs2071835,chr6_13638219_T_G_b38,0.3107352,0.0146,0.014402959
rs4715451,chr6_13638752_A_G_b38,0.4280562,-0.007464,0.009418031
rs16874269,chr6_13639009_C_G_b38,0.359229697,NA,NA
rs6915775,chr6_13639468_G_A_b38,0.8364521,-0.001996,0.009668961
rs74588797,chr6_13640213_C_T_b38,0.4450351,-0.024364,0.031901812
rs10948811,chr6_13641507_G_T_b38,0.8958275,-0.001265,0.009661354
rs3752502,chr6_13642690_C_T_b38,0.1636408,-0.01662,0.011931679
rs3752501,chr6_13642767_T_C_b38,0.788106,0.002738,0.010187116
rs10484251,chr6_13643372_G_A_b38,0.9851248,0.000197,0.010566187
rs76996552,chr6_13643603_A_G_b38,0.0765741,0.108782,0.061426848
rs13209220,chr6_13643769_G_A_b38,0.7263619,0.011614,0.033185788
rs3846911,chr6_13643835_T_C_b38,0.7242821,-0.012098,0.034297052
rs6911121,chr6_13643928_T_C_b38,0.7426307,-0.003185,0.009699377
rs9382329,chr6_13644998_C_T_b38,0.1557181,-0.01694,0.011932763
rs76503181,chr6_13647132_T_C_b38,0.2407638,-0.02282,0.019453066
rs16874275,chr6_13648632_A_C_b38,0.6495834,0.008634,0.019003347
rs11755634,chr6_13649492_T_C_b38,0.8703744,-0.001581,0.009688513
rs11753232,chr6_13649530_C_G_b38,0.968718501,NA,NA
rs62387399,chr6_13650582_G_A_b38,0.98887,0.00036,0.02580675
rs6458997,chr6_13650739_C_T_b38,0.8844874,-0.001403,0.009657011
rs4715455,chr6_13651774_C_T_b38,0.8481123,-0.00185,0.009659185
rs55977216,chr6_13653276_T_C_b38,0.3092308,-0.01932,0.019000089
rs6941522,chr6_13655107_A_G_b38,0.4337409,-0.014779,0.018879513
rs6459000,chr6_13655384_T_C_b38,0.9409165,-0.000716,0.009660273
rs3846912,chr6_13656808_G_A_b38,0.8794613,-0.001465,0.009660266
rs72829116,chr6_13657579_C_T_b38,0.9907347,0.000504,0.043401162
rs116691637,chr6_13658275_A_G_b38,0.3509652,0.024731,0.02651496
rs11323727,chr6_13658277_AT_A_b38,0.885936964,NA,NA
rs6459003,chr6_13658566_C_T_b38,0.8635444,-0.001661,0.009664615
rs118041417,chr6_13658736_A_T_b38,0.449333287,NA,NA
rs204232,chr6_13658847_T_G_b38,0.5012115,-0.006341,0.009427808
rs72288764,chr6_13659239_ACC_A_b38,0.250694384,NA,NA
rs204231,chr6_13659494_T_G_b38,0.156996,-0.016628,0.011749183
rs78348777,chr6_13659712_C_G_b38,0.360093905,NA,NA
rs2299027,chr6_13661038_T_C_b38,0.9497613,-0.000668,0.010602075
rs79636955,chr6_13661319_A_T_b38,0.352452807,NA,NA
rs2299026,chr6_13661901_C_T_b38,0.9377197,-0.000829,0.010609677
rs113526472,chr6_13663081_A_T_b38,0.53706951,NA,NA
rs116559222,chr6_13664374_T_C_b38,0.3949145,-0.016202,0.019044624
rs201305580,chr6_13664457_C_CTTTTCT_b38,0.929457968,NA,NA
rs7741241,chr6_13664623_G_A_b38,0.9291766,-0.000859,0.009664624
rs59120082,chr6_13666060_A_G_b38,0.9066973,-0.001133,0.009666792
NA,chr6_13666669_G_C_b38,0.469228603,NA,NA
rs3906327,chr6_13667537_A_G_b38,0.9683995,-0.000383,0.009667881
rs72829117,chr6_13669184_T_C_b38,0.9298659,-0.000851,0.009668965
rs4631285,chr6_13670319_A_G_b38,0.6386849,0.012841,0.02734814
rs183254032,chr6_13670592_C_T_b38,0.5220196,0.042008,0.06561337
rs11970591,chr6_13670632_C_T_b38,0.7995576,-0.002467,0.00971567
rs2080415,chr6_13673881_A_C_b38,0.8562677,-0.001746,0.009639632
rs204229,chr6_13674740_T_C_b38,0.6211929,0.007535,0.015248085
rs143084043,chr6_13675164_T_C_b38,0.2172463,0.03494,0.028317098
NA,chr6_13676765_C_G_b38,0.473549982,NA,NA
rs115089101,chr6_13677119_T_C_b38,0.3185699,0.027484,0.027555617
rs149552570,chr6_13677445_C_A_b38,0.1687267,0.046076,0.033478004
rs72831034,chr6_13678935_C_T_b38,0.9209843,-0.004156,0.041897728
rs75120063,chr6_13679154_G_A_b38,0.5311896,0.017753,0.028350771
rs138112277,chr6_13679194_C_T_b38,0.538696633,NA,NA
rs116651395,chr6_13679809_C_A_b38,0.1585149,0.052404,0.037163746
rs6459020,chr6_13679832_T_C_b38,0.907016,-0.00113,0.009674392
rs204228,chr6_13680544_A_G_b38,0.5184538,-0.006125,0.009485379
rs7744218,chr6_13681083_A_G_b38,0.9023704,-0.001187,0.009676565
rs76674808,chr6_13681165_T_C_b38,0.4072005,0.016153,0.019488914
rs200336911,chr6_13681330_T_TGTG_b38,0.934030252,NA,NA
rs6459025,chr6_13683716_T_C_b38,0.8540041,-0.001787,0.009711327
rs58379724,chr6_13683899_G_GTAT_b38,0.165326961,NA,NA
NA,chr6_13683900_G_A_b38,0.165326961,NA,NA
rs1573702,chr6_13684953_A_G_b38,0.874409,-0.00153,0.009679828
rs80072328,chr6_13685051_C_T_b38,0.837635,-0.009306,0.045412948
rs11965800,chr6_13685319_A_C_b38,0.3661626,-0.017282,0.019123926
rs78278446,chr6_13685417_T_C_b38,0.4924071,-0.045977,0.066974481
rs7741743,chr6_13685524_A_G_b38,0.168341,-0.016242,0.011790463
rs112349614,chr6_13685917_G_A_b38,0.8090477,-0.002346,0.009708065
rs144465239,chr6_13686530_C_G_b38,0.9265841,NA,NA
rs169461,chr6_13686695_C_T_b38,0.1594123,-0.016897,0.012008806
rs72831038,chr6_13689262_C_T_b38,0.8573805,-0.001746,0.009715671
rs28415118,chr6_13690065_C_A_b38,0.2705788,-0.02249,0.020413339
rs204225,chr6_13690707_A_T_b38,0.574778081,NA,NA
rs10948859,chr6_13690940_T_G_b38,0.8935652,0.001766,0.013199363
rs204224,chr6_13692333_C_T_b38,0.1814427,-0.016113,0.012057685
rs204223,chr6_13693682_C_G_b38,0.161715685,NA,NA
rs112309319,chr6_13694012_C_T_b38,0.8864091,-0.001519,0.010633574
rs1362519,chr6_13694991_A_T_b38,0.912034197,NA,NA
rs1362520,chr6_13695020_G_A_b38,0.9119518,-0.001064,0.009622255
rs74382585,chr6_13695134_C_T_b38,0.4551811,-0.01334,0.017862755
rs56040637,chr6_13696299_A_G_b38,0.7489331,0.010346,0.032326554
rs10484252,chr6_13696333_A_C_b38,0.4067904,0.02222,0.026785444
rs204222,chr6_13697244_C_T_b38,0.5600419,-0.005488,0.009416944
rs142956389,chr6_13698603_T_C_b38,0.3256439,0.048428,0.049269228
rs16874298,chr6_13698962_C_T_b38,0.8989815,0.004269,0.033627923
rs11759518,chr6_13700187_C_T_b38,0.8197649,-0.002431,0.010669423
rs5874432,chr6_13700487_AGTAG_A_b38,0.794919619,NA,NA
rs204221,chr6_13704109_G_T_b38,0.6165882,0.009988,0.019948408
rs10456689,chr6_13704951_C_T_b38,0.099799,-0.023383,0.014207431
rs12199995,chr6_13705378_G_A_b38,0.9487227,-0.001606,0.02497245
rs204226,chr6_13706018_C_G_b38,0.429242303,NA,NA
rs115176828,chr6_13706936_G_A_b38,0.3236878,0.044039,0.044623212
rs181908054,chr6_13707875_T_C_b38,0.5491779,0.023419,0.03909732
rs13215835,chr6_13707917_T_C_b38,0.7915989,0.008336,0.031547684
rs6940759,chr6_13708686_T_C_b38,0.9142612,-0.001043,0.00968743
NA,chr6_13708942_G_T_b38,0.200194846,NA,NA
rs2237092,chr6_13708948_A_G_b38,0.8931535,-0.0013,0.009678741
rs6905991,chr6_13711047_A_G_b38,0.7203513,-0.003349,0.009355027
rs151027180,chr6_13712000_G_A_b38,0.1777805,-0.059939,0.04447766
rs556417781,chr6_13712059_C_G_b38,0.070432613,NA,NA
rs140940349,chr6_13712289_T_G_b38,0.061108057,NA,NA
rs442458,chr6_13712520_C_T_b38,0.5562998,-0.006733,0.011443938
rs405447,chr6_13712867_A_G_b38,0.4774812,-0.00663,0.009333301
rs140698079,chr6_13713099_T_TTTA_b38,0.326124292,NA,NA
rs418053,chr6_13713134_G_C_b38,0.371041798,NA,NA
rs3757256,chr6_13713427_G_A_b38,0.9836061,-0.000221,0.010755225
rs396869,chr6_13714250_T_C_b38,0.3480547,-0.008701,0.00927247
rs24023,chr6_13715071_A_G_b38,0.3790447,-0.008148,0.009262693
rs113047626,chr6_13715715_G_A_b38,0.2685973,-0.019663,0.017773683
rs424001,chr6_13715765_C_T_b38,0.3864671,-0.00802,0.00926052
rs77649360,chr6_13715767_G_C_b38,0.27555489,NA,NA
rs9464185,chr6_13715938_G_A_b38,0.7276937,-0.010678,0.03066672
rs9464186,chr6_13715975_A_G_b38,0.7547785,-0.009564,0.030620008
rs441280,chr6_13716210_A_G_b38,0.2932185,0.038818,0.036931282
rs441125,chr6_13716360_A_G_b38,0.2715927,-0.01023,0.009305057
rs441116,chr6_13716394_A_G_b38,0.3567088,-0.008534,0.009259435
rs381560,chr6_13716479_G_A_b38,0.3377519,-0.00887,0.009252916
rs381551,chr6_13716491_G_A_b38,0.3206733,-0.009191,0.00925509
rs4715512,chr6_13716535_T_A_b38,0.9795867,NA,NA
